data/forcing/ECOSPACE_in_3day_nutrld_fromASC_202601/XLD_normalised_2005_360.asc
ncols        93
nrows        151
xllcorner    -123.80739
yllcorner    48.29471
cellsize      0.013497347
NODATA_value -9999.0
[rows 50 to 74 of 151, columns 0 to 55 of 93]
-9999.000000 1.000000 1.000000 1.000000 -9999.000000 -9999.000000 1.000000 -9999.000000 -9999.000000 -9999.000000 -9999.000000 -9999.000000 1.355386 1.384071 1.470127 1.491641 1.484470 1.498813 1.577698 1.577698 1.577698 1.577698 1.577698 1.577698 1.577698 -9999.000000 -9999.000000 -9999.000000 -9999.000000 -9999.000000 -9999.000000 -9999.000000 1.000000 1.000000 1.000000 1.000000 1.000000 1.000000 1.000000 1.000000 -9999.000000 -9999.000000 -9999.000000 -9999.000000 -9999.000000 -9999.000000 -9999.000000 -9999.000000 -9999.000000 -9999.000000 -9999.000000 -9999.000000 -9999.000000 1.000000 1.000000 1.000000
-9999.000000 1.000000 1.000000 1.000000 -9999.000000 -9999.000000 0.968133 -9999.000000 -9999.000000 -9999.000000 -9999.000000 -9999.000000 1.197616 1.341043 1.419928 1.477299 1.505984 1.505984 1.577698 1.577698 1.577698 1.577698 1.577698 1.577698 1.577698 1.577698 -9999.000000 -9999.000000 -9999.000000 -9999.000000 -9999.000000 -9999.000000 1.000000 1.000000 1.000000 1.000000 1.000000 1.000000 1.000000 -9999.000000 -9999.000000 -9999.000000 -9999.000000 -9999.000000 -9999.000000 -9999.000000 -9999.000000 -9999.000000 1.000000 1.000000 1.000000 1.000000 1.000000 1.000000 1.000000 1.000000
-9999.000000 -9999.000000 1.000000 1.000000 1.000000 -9999.000000 1.000000 1.000000 -9999.000000 -9999.000000 1.000000 1.000000 -9999.000000 1.355386 1.369728 1.455785 1.470127 1.505984 1.534670 1.577698 1.577698 1.577698 1.577698 1.577698 1.577698 1.577698 -9999.000000 -9999.000000 -9999.000000 -9999.000000 -9999.000000 -9999.000000 -9999.000000 1.000000 1.000000 1.000000 1.000000 1.000000 1.000000 -9999.000000 -9999.000000 -9999.000000 -9999.000000 -9999.000000 -9999.000000 -9999.000000 -9999.000000 1.000000 1.000000 -9999.000000 -9999.000000 -9999.000000 -9999.000000 -9999.000000 -9999.000000 1.000000
-9999.000000 -9999.000000 -9999.000000 1.000000 1.000000 1.000000 1.000000 1.000000 1.000000 1.082874 1.000000 1.082874 1.183273 1.204787 1.312358 1.412757 1.434271 1.434271 1.491641 1.577698 1.577698 1.577698 1.577698 1.577698 1.470127 1.305186 1.197616 -9999.000000 -9999.000000 -9999.000000 -9999.000000 -9999.000000 -9999.000000 1.000000 1.000000 1.000000 1.000000 1.000000 1.000000 1.000000 -9999.000000 -9999.000000 -9999.000000 -9999.000000 -9999.000000 1.000000 1.000000 1.000000 -9999.000000 -9999.000000 -9999.000000 -9999.000000 -9999.000000 -9999.000000 -9999.000000 1.000000
-9999.000000 -9999.000000 -9999.000000 -9999.000000 -9999.000000 1.000000 1.000000 1.000000 1.000000 0.939447 1.000000 1.000000 1.000000 1.319529 1.362557 1.391242 1.419928 1.441442 1.498813 1.577698 1.577698 1.577698 1.577698 1.570526 1.376900 1.269330 1.154588 1.097217 -9999.000000 -9999.000000 -9999.000000 -9999.000000 -9999.000000 1.000000 1.000000 1.000000 1.000000 1.000000 1.000000 1.000000 1.000000 -9999.000000 -9999.000000 -9999.000000 -9999.000000 1.000000 -9999.000000 -9999.000000 -9999.000000 -9999.000000 -9999.000000 -9999.000000 -9999.000000 -9999.000000 -9999.000000 -9999.000000
-9999.000000 -9999.000000 -9999.000000 -9999.000000 -9999.000000 1.000000 1.000000 1.000000 1.000000 1.000000 1.000000 1.000000 1.000000 1.219130 1.319529 1.376900 1.398414 1.434271 1.491641 1.577698 1.577698 1.577698 1.577698 1.577698 1.405585 1.348214 1.290843 1.262158 -9999.000000 -9999.000000 -9999.000000 -9999.000000 -9999.000000 1.000000 1.000000 1.000000 1.000000 1.000000 1.000000 1.000000 1.000000 1.000000 -9999.000000 1.000000 0.724307 1.000000 -9999.000000 -9999.000000 -9999.000000 -9999.000000 -9999.000000 -9999.000000 -9999.000000 -9999.000000 -9999.000000 -9999.000000
-9999.000000 -9999.000000 -9999.000000 -9999.000000 -9999.000000 -9999.000000 1.000000 1.000000 1.000000 1.000000 1.000000 1.000000 1.000000 1.183273 1.262158 1.319529 1.391242 1.448613 1.470127 1.577698 1.577698 1.577698 1.577698 1.577698 1.541841 1.505984 1.441442 1.419928 1.470127 -9999.000000 -9999.000000 -9999.000000 -9999.000000 -9999.000000 1.000000 1.000000 1.000000 1.000000 1.000000 1.000000 1.000000 1.000000 1.000000 1.000000 -9999.000000 -9999.000000 -9999.000000 -9999.000000 -9999.000000 -9999.000000 -9999.000000 -9999.000000 -9999.000000 -9999.000000 -9999.000000 -9999.000000
-9999.000000 -9999.000000 -9999.000000 -9999.000000 -9999.000000 -9999.000000 1.000000 1.000000 1.000000 1.000000 1.000000 1.000000 1.000000 1.125902 1.183273 1.262158 1.348214 1.419928 1.419928 1.513155 1.577698 1.577698 1.577698 1.470127 1.577698 1.427099 1.398414 1.333872 1.470127 -9999.000000 -9999.000000 -9999.000000 -9999.000000 -9999.000000 1.000000 1.000000 1.000000 1.000000 1.000000 1.000000 1.000000 1.000000 1.000000 1.000000 -9999.000000 -9999.000000 -9999.000000 -9999.000000 -9999.000000 -9999.000000 -9999.000000 -9999.000000 -9999.000000 -9999.000000 -9999.000000 -9999.000000
-9999.000000 -9999.000000 -9999.000000 -9999.000000 -9999.000000 -9999.000000 1.000000 1.000000 1.000000 1.000000 1.000000 1.000000 1.000000 1.000000 1.111560 1.190445 1.348214 1.348214 1.326700 1.362557 1.441442 1.477299 1.455785 -9999.000000 1.000000 1.226301 1.233473 1.000000 1.000000 1.448613 -9999.000000 -9999.000000 -9999.000000 -9999.000000 1.000000 1.000000 1.000000 1.000000 1.000000 1.000000 1.000000 1.000000 1.000000 1.000000 -9999.000000 -9999.000000 -9999.000000 -9999.000000 -9999.000000 -9999.000000 -9999.000000 -9999.000000 -9999.000000 -9999.000000 -9999.000000 -9999.000000
-9999.000000 -9999.000000 -9999.000000 -9999.000000 -9999.000000 -9999.000000 1.000000 1.000000 1.000000 1.000000 1.000000 1.000000 1.000000 1.000000 1.068532 1.176102 1.312358 1.333872 1.262158 1.254987 1.326700 1.391242 1.000000 -9999.000000 -9999.000000 -9999.000000 1.197616 1.000000 1.000000 1.000000 1.000000 -9999.000000 -9999.000000 -9999.000000 1.000000 1.000000 1.000000 1.000000 1.000000 1.000000 1.000000 1.000000 1.000000 -9999.000000 -9999.000000 -9999.000000 -9999.000000 -9999.000000 -9999.000000 -9999.000000 -9999.000000 -9999.000000 -9999.000000 -9999.000000 -9999.000000 -9999.000000
-9999.000000 -9999.000000 -9999.000000 -9999.000000 -9999.000000 -9999.000000 -9999.000000 1.000000 1.000000 1.000000 1.000000 1.000000 1.000000 1.000000 1.000000 1.054189 1.211959 1.305186 1.240644 1.204787 1.211959 1.326700 1.577698 -9999.000000 -9999.000000 -9999.000000 -9999.000000 1.161759 1.312358 1.448613 1.000000 -9999.000000 -9999.000000 -9999.000000 -9999.000000 1.000000 1.000000 1.000000 1.000000 1.000000 1.000000 1.000000 1.000000 1.000000 -9999.000000 -9999.000000 -9999.000000 -9999.000000 -9999.000000 -9999.000000 -9999.000000 -9999.000000 -9999.000000 -9999.000000 -9999.000000 -9999.000000
-9999.000000 -9999.000000 -9999.000000 -9999.000000 -9999.000000 -9999.000000 -9999.000000 1.000000 1.000000 1.000000 1.000000 1.000000 1.000000 1.000000 1.000000 1.003989 1.140245 1.240644 1.183273 1.161759 1.118731 1.161759 1.455785 -9999.000000 -9999.000000 -9999.000000 -9999.000000 -9999.000000 1.262158 1.462956 1.190445 1.312358 -9999.000000 -9999.000000 -9999.000000 1.000000 1.000000 1.000000 1.000000 1.000000 1.000000 1.000000 1.000000 1.000000 -9999.000000 -9999.000000 -9999.000000 -9999.000000 -9999.000000 -9999.000000 -9999.000000 -9999.000000 -9999.000000 -9999.000000 -9999.000000 -9999.000000
-9999.000000 -9999.000000 -9999.000000 -9999.000000 -9999.000000 -9999.000000 -9999.000000 -9999.000000 1.000000 1.000000 1.000000 1.000000 1.000000 1.000000 1.000000 1.000000 1.039846 1.168930 1.125902 1.097217 1.068532 1.082874 1.204787 1.462956 -9999.000000 -9999.000000 -9999.000000 -9999.000000 -9999.000000 1.305186 1.312358 1.398414 1.405585 -9999.000000 -9999.000000 1.000000 1.000000 1.000000 1.000000 1.000000 1.000000 1.000000 1.000000 1.000000 -9999.000000 -9999.000000 -9999.000000 -9999.000000 -9999.000000 -9999.000000 -9999.000000 -9999.000000 -9999.000000 -9999.000000 -9999.000000 -9999.000000
-9999.000000 -9999.000000 -9999.000000 -9999.000000 -9999.000000 -9999.000000 -9999.000000 -9999.000000 -9999.000000 1.000000 1.000000 1.000000 1.000000 1.000000 1.000000 1.000000 1.000000 1.082874 1.090046 1.104388 1.075703 1.075703 1.154588 1.333872 1.240644 -9999.000000 -9999.000000 -9999.000000 -9999.000000 1.204787 1.391242 1.498813 1.326700 -9999.000000 -9999.000000 1.000000 1.000000 1.000000 1.000000 1.000000 1.000000 1.000000 1.000000 1.000000 -9999.000000 -9999.000000 -9999.000000 -9999.000000 -9999.000000 -9999.000000 -9999.000000 -9999.000000 -9999.000000 -9999.000000 -9999.000000 -9999.000000
-9999.000000 -9999.000000 -9999.000000 -9999.000000 -9999.000000 -9999.000000 -9999.000000 -9999.000000 -9999.000000 -9999.000000 1.000000 1.000000 1.000000 1.000000 1.000000 1.000000 1.000000 1.000000 1.000000 1.018332 0.996818 0.975304 1.025504 1.111560 1.484470 1.427099 -9999.000000 -9999.000000 -9999.000000 -9999.000000 1.254987 1.154588 1.000000 -9999.000000 -9999.000000 1.000000 1.000000 1.000000 1.000000 1.000000 1.000000 1.000000 1.000000 1.000000 -9999.000000 -9999.000000 -9999.000000 -9999.000000 -9999.000000 -9999.000000 -9999.000000 -9999.000000 -9999.000000 -9999.000000 -9999.000000 -9999.000000
-9999.000000 -9999.000000 -9999.000000 -9999.000000 -9999.000000 -9999.000000 -9999.000000 -9999.000000 -9999.000000 -9999.000000 -9999.000000 -9999.000000 1.000000 1.000000 1.000000 1.000000 1.000000 1.000000 1.000000 1.032675 1.075703 1.039846 1.054189 1.125902 1.082874 1.147416 1.326700 1.434271 -9999.000000 -9999.000000 -9999.000000 1.211959 1.000000 1.000000 -9999.000000 1.000000 1.000000 1.000000 1.000000 1.000000 1.000000 1.000000 1.000000 1.000000 -9999.000000 -9999.000000 -9999.000000 -9999.000000 -9999.000000 -9999.000000 -9999.000000 -9999.000000 -9999.000000 -9999.000000 -9999.000000 -9999.000000
-9999.000000 -9999.000000 -9999.000000 -9999.000000 -9999.000000 -9999.000000 -9999.000000 -9999.000000 -9999.000000 -9999.000000 -9999.000000 -9999.000000 1.000000 1.000000 1.000000 1.000000 1.000000 1.000000 1.000000 1.000000 1.000000 0.960961 1.032675 1.111560 1.176102 1.147416 1.219130 1.276501 1.319529 -9999.000000 -9999.000000 1.000000 1.000000 1.000000 1.000000 1.000000 1.000000 1.000000 1.000000 1.000000 1.000000 1.000000 1.000000 1.000000 -9999.000000 -9999.000000 -9999.000000 -9999.000000 -9999.000000 -9999.000000 -9999.000000 -9999.000000 -9999.000000 -9999.000000 -9999.000000 -9999.000000
-9999.000000 -9999.000000 -9999.000000 -9999.000000 -9999.000000 -9999.000000 -9999.000000 -9999.000000 -9999.000000 -9999.000000 -9999.000000 -9999.000000 -9999.000000 -9999.000000 -9999.000000 1.000000 1.000000 1.000000 1.000000 1.000000 1.190445 1.133074 1.104388 1.125902 1.133074 1.183273 1.197616 1.240644 1.226301 1.276501 -9999.000000 1.000000 1.000000 1.000000 1.000000 1.000000 1.000000 1.000000 1.000000 1.326700 1.000000 1.000000 1.000000 1.000000 -9999.000000 -9999.000000 -9999.000000 -9999.000000 -9999.000000 -9999.000000 -9999.000000 -9999.000000 -9999.000000 -9999.000000 -9999.000000 -9999.000000
-9999.000000 -9999.000000 -9999.000000 -9999.000000 -9999.000000 -9999.000000 -9999.000000 -9999.000000 -9999.000000 -9999.000000 -9999.000000 -9999.000000 -9999.000000 -9999.000000 -9999.000000 -9999.000000 1.000000 1.000000 1.000000 1.000000 1.000000 1.000000 1.082874 1.075703 1.111560 1.147416 1.204787 1.247815 1.240644 1.000000 1.000000 1.000000 1.000000 1.000000 1.000000 1.000000 1.000000 1.000000 1.000000 1.000000 1.000000 -9999.000000 1.000000 1.000000 -9999.000000 -9999.000000 -9999.000000 -9999.000000 -9999.000000 -9999.000000 -9999.000000 -9999.000000 -9999.000000 -9999.000000 -9999.000000 -9999.000000
-9999.000000 -9999.000000 -9999.000000 -9999.000000 -9999.000000 -9999.000000 -9999.000000 -9999.000000 -9999.000000 -9999.000000 -9999.000000 -9999.000000 -9999.000000 -9999.000000 -9999.000000 -9999.000000 -9999.000000 1.000000 1.000000 1.000000 1.000000 1.000000 1.154588 1.090046 1.068532 1.125902 1.140245 1.190445 1.240644 1.262158 1.305186 1.312358 1.000000 1.000000 1.000000 1.000000 1.000000 1.000000 1.000000 1.000000 1.000000 -9999.000000 -9999.000000 0.889248 1.000000 1.000000 -9999.000000 -9999.000000 -9999.000000 -9999.000000 -9999.000000 -9999.000000 -9999.000000 -9999.000000 -9999.000000 -9999.000000
-9999.000000 -9999.000000 -9999.000000 -9999.000000 -9999.000000 -9999.000000 -9999.000000 -9999.000000 -9999.000000 -9999.000000 -9999.000000 -9999.000000 -9999.000000 -9999.000000 -9999.000000 -9999.000000 -9999.000000 -9999.000000 1.000000 1.000000 1.000000 1.000000 1.000000 1.104388 1.068532 1.082874 1.111560 1.118731 1.154588 1.219130 1.240644 1.211959 1.197616 1.233473 1.312358 1.333872 1.000000 1.000000 1.000000 1.000000 1.000000 -9999.000000 1.000000 1.000000 1.000000 -9999.000000 -9999.000000 -9999.000000 -9999.000000 -9999.000000 -9999.000000 -9999.000000 -9999.000000 -9999.000000 -9999.000000 -9999.000000
-9999.000000 -9999.000000 -9999.000000 -9999.000000 -9999.000000 -9999.000000 -9999.000000 -9999.000000 -9999.000000 -9999.000000 -9999.000000 -9999.000000 -9999.000000 -9999.000000 -9999.000000 -9999.000000 -9999.000000 -9999.000000 1.000000 1.000000 1.000000 1.000000 1.000000 1.000000 1.111560 1.104388 1.147416 1.161759 1.147416 1.154588 1.154588 1.161759 1.161759 1.204787 1.240644 1.240644 1.000000 1.000000 1.000000 1.000000 1.000000 1.000000 1.000000 1.000000 1.000000 -9999.000000 -9999.000000 -9999.000000 -9999.000000 -9999.000000 -9999.000000 -9999.000000 -9999.000000 -9999.000000 -9999.000000 -9999.000000
-9999.000000 -9999.000000 -9999.000000 -9999.000000 -9999.000000 -9999.000000 -9999.000000 -9999.000000 -9999.000000 -9999.000000 -9999.000000 -9999.000000 -9999.000000 -9999.000000 -9999.000000 -9999.000000 -9999.000000 -9999.000000 -9999.000000 -9999.000000 1.000000 1.000000 1.000000 1.000000 1.000000 1.082874 1.133074 1.147416 1.140245 1.161759 1.161759 1.161759 1.125902 1.147416 1.211959 1.219130 1.233473 1.000000 1.000000 1.000000 1.000000 1.000000 1.000000 1.000000 1.000000 -9999.000000 -9999.000000 -9999.000000 -9999.000000 -9999.000000 -9999.000000 -9999.000000 -9999.000000 -9999.000000 -9999.000000 -9999.000000
-9999.000000 -9999.000000 -9999.000000 -9999.000000 -9999.000000 -9999.000000 -9999.000000 -9999.000000 -9999.000000 -9999.000000 -9999.000000 -9999.000000 -9999.000000 -9999.000000 -9999.000000 -9999.000000 -9999.000000 -9999.000000 -9999.000000 -9999.000000 -9999.000000 1.000000 1.000000 1.000000 1.000000 1.000000 1.140245 1.176102 1.140245 1.154588 1.140245 1.118731 1.090046 1.097217 1.154588 1.211959 1.204787 1.000000 1.000000 1.000000 1.000000 1.000000 1.000000 1.000000 1.000000 1.000000 -9999.000000 -9999.000000 -9999.000000 -9999.000000 -9999.000000 -9999.000000 -9999.000000 -9999.000000 -9999.000000 -9999.000000
-9999.000000 -9999.000000 -9999.000000 -9999.000000 -9999.000000 -9999.000000 -9999.000000 -9999.000000 -9999.000000 -9999.000000 -9999.000000 -9999.000000 -9999.000000 -9999.000000 -9999.000000 -9999.000000 -9999.000000 -9999.000000 -9999.000000 -9999.000000 -9999.000000 1.000000 1.000000 1.000000 1.000000 1.000000 1.161759 1.183273 1.140245 1.118731 1.125902 1.140245 1.154588 1.161759 1.147416 1.176102 1.147416 1.118731 1.082874 1.000000 1.000000 1.000000 1.000000 1.000000 1.000000 1.000000 1.000000 1.000000 1.000000 -9999.000000 -9999.000000 -9999.000000 -9999.000000 -9999.000000 -9999.000000 -9999.000000
