data/forcing/ECOSPACE_in_3day_nutrld_fromASC_202601/XLD_normalised_2017_329.asc
ncols        93
nrows        151
xllcorner    -123.80739
yllcorner    48.29471
cellsize      0.013497347
NODATA_value -9999.0
[rows 50 to 74 of 151, columns 0 to 55 of 93]
-9999.000000 1.000000 1.000000 1.000000 -9999.000000 -9999.000000 1.000000 -9999.000000 -9999.000000 -9999.000000 -9999.000000 -9999.000000 1.039846 1.047018 1.018332 1.061360 1.025504 1.011161 1.032675 1.097217 1.133074 1.240644 1.462956 1.577698 1.577698 -9999.000000 -9999.000000 -9999.000000 -9999.000000 -9999.000000 -9999.000000 -9999.000000 1.000000 1.000000 1.000000 1.000000 1.000000 1.000000 1.000000 1.000000 -9999.000000 -9999.000000 -9999.000000 -9999.000000 -9999.000000 -9999.000000 -9999.000000 -9999.000000 -9999.000000 -9999.000000 -9999.000000 -9999.000000 -9999.000000 1.000000 1.000000 1.000000
-9999.000000 1.000000 1.000000 1.000000 -9999.000000 -9999.000000 1.003989 -9999.000000 -9999.000000 -9999.000000 -9999.000000 -9999.000000 1.025504 1.011161 0.982475 0.960961 0.953790 0.989647 1.018332 1.032675 1.090046 1.233473 1.427099 1.505984 1.455785 1.455785 -9999.000000 -9999.000000 -9999.000000 -9999.000000 -9999.000000 -9999.000000 1.000000 1.000000 1.000000 1.000000 1.000000 1.000000 1.000000 -9999.000000 -9999.000000 -9999.000000 -9999.000000 -9999.000000 -9999.000000 -9999.000000 -9999.000000 -9999.000000 1.000000 1.000000 1.000000 1.000000 1.000000 1.000000 1.000000 1.000000
-9999.000000 -9999.000000 1.000000 1.000000 1.000000 -9999.000000 1.000000 1.000000 -9999.000000 -9999.000000 1.000000 1.000000 -9999.000000 0.939447 0.889248 0.867734 0.903591 0.946619 0.953790 0.960961 1.025504 1.161759 1.333872 1.448613 1.419928 1.319529 -9999.000000 -9999.000000 -9999.000000 -9999.000000 -9999.000000 -9999.000000 -9999.000000 1.000000 1.000000 1.000000 1.000000 1.000000 1.000000 -9999.000000 -9999.000000 -9999.000000 -9999.000000 -9999.000000 -9999.000000 -9999.000000 -9999.000000 1.000000 1.000000 -9999.000000 -9999.000000 -9999.000000 -9999.000000 -9999.000000 -9999.000000 1.000000
-9999.000000 -9999.000000 -9999.000000 1.000000 1.000000 1.000000 1.000000 1.000000 1.000000 1.003989 1.000000 0.996818 0.953790 0.846220 0.831877 0.867734 0.889248 0.925104 0.932276 0.946619 1.018332 1.125902 1.204787 1.298015 1.355386 1.269330 1.233473 -9999.000000 -9999.000000 -9999.000000 -9999.000000 -9999.000000 -9999.000000 1.000000 1.000000 1.000000 1.000000 1.000000 1.000000 1.000000 -9999.000000 -9999.000000 -9999.000000 -9999.000000 -9999.000000 1.000000 1.000000 1.000000 -9999.000000 -9999.000000 -9999.000000 -9999.000000 -9999.000000 -9999.000000 -9999.000000 1.000000
-9999.000000 -9999.000000 -9999.000000 -9999.000000 -9999.000000 1.000000 1.000000 1.000000 1.000000 0.903591 1.000000 1.000000 1.000000 0.831877 0.824706 0.831877 0.874905 0.910762 0.939447 0.939447 0.996818 1.082874 1.140245 1.176102 1.233473 1.154588 1.118731 1.168930 -9999.000000 -9999.000000 -9999.000000 -9999.000000 -9999.000000 1.000000 1.000000 1.000000 1.000000 1.000000 1.000000 1.000000 1.000000 -9999.000000 -9999.000000 -9999.000000 -9999.000000 1.000000 -9999.000000 -9999.000000 -9999.000000 -9999.000000 -9999.000000 -9999.000000 -9999.000000 -9999.000000 -9999.000000 -9999.000000
-9999.000000 -9999.000000 -9999.000000 -9999.000000 -9999.000000 1.000000 1.000000 1.000000 1.000000 1.000000 1.000000 1.000000 1.000000 0.824706 0.810363 0.824706 0.867734 0.903591 0.946619 0.946619 0.982475 1.061360 1.097217 1.118731 1.118731 1.147416 1.090046 1.003989 -9999.000000 -9999.000000 -9999.000000 -9999.000000 -9999.000000 1.000000 1.000000 1.000000 1.000000 1.000000 1.000000 1.000000 1.000000 1.000000 -9999.000000 1.000000 0.724307 1.000000 -9999.000000 -9999.000000 -9999.000000 -9999.000000 -9999.000000 -9999.000000 -9999.000000 -9999.000000 -9999.000000 -9999.000000
-9999.000000 -9999.000000 -9999.000000 -9999.000000 -9999.000000 -9999.000000 1.000000 1.000000 1.000000 1.000000 1.000000 1.000000 1.000000 0.767335 0.788849 0.831877 0.860562 0.867734 0.903591 0.917933 0.946619 1.003989 1.039846 1.039846 1.039846 1.054189 1.061360 0.960961 0.996818 -9999.000000 -9999.000000 -9999.000000 -9999.000000 -9999.000000 1.000000 1.000000 1.000000 1.000000 1.000000 1.000000 1.000000 1.000000 1.000000 1.000000 -9999.000000 -9999.000000 -9999.000000 -9999.000000 -9999.000000 -9999.000000 -9999.000000 -9999.000000 -9999.000000 -9999.000000 -9999.000000 -9999.000000
-9999.000000 -9999.000000 -9999.000000 -9999.000000 -9999.000000 -9999.000000 1.000000 1.000000 1.000000 1.000000 1.000000 1.000000 1.000000 0.774506 0.810363 0.846220 0.867734 0.874905 0.903591 0.910762 0.910762 0.968133 0.968133 0.889248 0.925104 0.925104 0.946619 0.968133 0.917933 -9999.000000 -9999.000000 -9999.000000 -9999.000000 -9999.000000 1.000000 1.000000 1.000000 1.000000 1.000000 1.000000 1.000000 1.000000 1.000000 1.000000 -9999.000000 -9999.000000 -9999.000000 -9999.000000 -9999.000000 -9999.000000 -9999.000000 -9999.000000 -9999.000000 -9999.000000 -9999.000000 -9999.000000
-9999.000000 -9999.000000 -9999.000000 -9999.000000 -9999.000000 -9999.000000 1.000000 1.000000 1.000000 1.000000 1.000000 1.000000 1.000000 1.000000 0.817534 0.867734 0.889248 0.874905 0.874905 0.867734 0.867734 0.874905 0.953790 -9999.000000 1.000000 1.003989 0.853391 1.000000 1.000000 0.889248 -9999.000000 -9999.000000 -9999.000000 -9999.000000 1.000000 1.000000 1.000000 1.000000 1.000000 1.000000 1.000000 1.000000 1.000000 1.000000 -9999.000000 -9999.000000 -9999.000000 -9999.000000 -9999.000000 -9999.000000 -9999.000000 -9999.000000 -9999.000000 -9999.000000 -9999.000000 -9999.000000
-9999.000000 -9999.000000 -9999.000000 -9999.000000 -9999.000000 -9999.000000 1.000000 1.000000 1.000000 1.000000 1.000000 1.000000 1.000000 1.000000 0.817534 0.874905 0.910762 0.889248 0.853391 0.824706 0.803191 0.824706 1.000000 -9999.000000 -9999.000000 -9999.000000 0.874905 1.000000 1.000000 1.000000 1.000000 -9999.000000 -9999.000000 -9999.000000 1.000000 1.000000 1.000000 1.000000 1.000000 1.000000 1.000000 1.000000 1.000000 -9999.000000 -9999.000000 -9999.000000 -9999.000000 -9999.000000 -9999.000000 -9999.000000 -9999.000000 -9999.000000 -9999.000000 -9999.000000 -9999.000000 -9999.000000
-9999.000000 -9999.000000 -9999.000000 -9999.000000 -9999.000000 -9999.000000 -9999.000000 1.000000 1.000000 1.000000 1.000000 1.000000 1.000000 1.000000 1.000000 0.874905 0.925104 0.889248 0.839048 0.803191 0.760163 0.767335 1.025504 -9999.000000 -9999.000000 -9999.000000 -9999.000000 0.817534 0.810363 0.803191 1.000000 -9999.000000 -9999.000000 -9999.000000 -9999.000000 1.000000 1.000000 1.000000 1.000000 1.000000 1.000000 1.000000 1.000000 1.000000 -9999.000000 -9999.000000 -9999.000000 -9999.000000 -9999.000000 -9999.000000 -9999.000000 -9999.000000 -9999.000000 -9999.000000 -9999.000000 -9999.000000
-9999.000000 -9999.000000 -9999.000000 -9999.000000 -9999.000000 -9999.000000 -9999.000000 1.000000 1.000000 1.000000 1.000000 1.000000 1.000000 1.000000 1.000000 0.860562 0.896419 0.903591 0.853391 0.767335 0.738649 0.731478 0.788849 -9999.000000 -9999.000000 -9999.000000 -9999.000000 -9999.000000 0.760163 0.774506 0.810363 0.910762 -9999.000000 -9999.000000 -9999.000000 1.000000 1.000000 1.000000 1.000000 1.000000 1.000000 1.000000 1.000000 1.000000 -9999.000000 -9999.000000 -9999.000000 -9999.000000 -9999.000000 -9999.000000 -9999.000000 -9999.000000 -9999.000000 -9999.000000 -9999.000000 -9999.000000
-9999.000000 -9999.000000 -9999.000000 -9999.000000 -9999.000000 -9999.000000 -9999.000000 -9999.000000 1.000000 1.000000 1.000000 1.000000 1.000000 1.000000 1.000000 1.000000 0.853391 0.853391 0.860562 0.752992 0.731478 0.724307 0.745821 0.968133 -9999.000000 -9999.000000 -9999.000000 -9999.000000 -9999.000000 0.767335 0.803191 0.874905 0.975304 -9999.000000 -9999.000000 1.000000 1.000000 1.000000 1.000000 1.000000 1.000000 1.000000 1.000000 1.000000 -9999.000000 -9999.000000 -9999.000000 -9999.000000 -9999.000000 -9999.000000 -9999.000000 -9999.000000 -9999.000000 -9999.000000 -9999.000000 -9999.000000
-9999.000000 -9999.000000 -9999.000000 -9999.000000 -9999.000000 -9999.000000 -9999.000000 -9999.000000 -9999.000000 1.000000 1.000000 1.000000 1.000000 1.000000 1.000000 1.000000 1.000000 0.796020 0.839048 0.839048 0.817534 0.803191 0.781677 0.817534 1.011161 -9999.000000 -9999.000000 -9999.000000 -9999.000000 0.788849 0.796020 0.831877 0.932276 -9999.000000 -9999.000000 1.000000 1.000000 1.000000 1.000000 1.000000 1.000000 1.000000 1.000000 1.000000 -9999.000000 -9999.000000 -9999.000000 -9999.000000 -9999.000000 -9999.000000 -9999.000000 -9999.000000 -9999.000000 -9999.000000 -9999.000000 -9999.000000
-9999.000000 -9999.000000 -9999.000000 -9999.000000 -9999.000000 -9999.000000 -9999.000000 -9999.000000 -9999.000000 -9999.000000 1.000000 1.000000 1.000000 1.000000 1.000000 1.000000 1.000000 1.000000 1.000000 0.767335 0.738649 0.738649 0.745821 0.760163 0.867734 0.968133 -9999.000000 -9999.000000 -9999.000000 -9999.000000 0.774506 0.831877 1.000000 -9999.000000 -9999.000000 1.000000 1.000000 1.000000 1.000000 1.000000 1.000000 1.000000 1.000000 1.000000 -9999.000000 -9999.000000 -9999.000000 -9999.000000 -9999.000000 -9999.000000 -9999.000000 -9999.000000 -9999.000000 -9999.000000 -9999.000000 -9999.000000
-9999.000000 -9999.000000 -9999.000000 -9999.000000 -9999.000000 -9999.000000 -9999.000000 -9999.000000 -9999.000000 -9999.000000 -9999.000000 -9999.000000 1.000000 1.000000 1.000000 1.000000 1.000000 1.000000 1.000000 0.745821 0.752992 0.788849 0.781677 0.767335 0.767335 0.889248 0.989647 1.011161 -9999.000000 -9999.000000 -9999.000000 0.874905 1.000000 1.000000 -9999.000000 1.000000 1.000000 1.000000 1.000000 1.000000 1.000000 1.000000 1.000000 1.000000 -9999.000000 -9999.000000 -9999.000000 -9999.000000 -9999.000000 -9999.000000 -9999.000000 -9999.000000 -9999.000000 -9999.000000 -9999.000000 -9999.000000
-9999.000000 -9999.000000 -9999.000000 -9999.000000 -9999.000000 -9999.000000 -9999.000000 -9999.000000 -9999.000000 -9999.000000 -9999.000000 -9999.000000 1.000000 1.000000 1.000000 1.000000 1.000000 1.000000 1.000000 1.000000 1.000000 0.724307 0.738649 0.738649 0.745821 0.788849 0.874905 0.975304 1.025504 -9999.000000 -9999.000000 1.000000 1.000000 1.000000 1.000000 1.000000 1.000000 1.000000 1.000000 1.000000 1.000000 1.000000 1.000000 1.000000 -9999.000000 -9999.000000 -9999.000000 -9999.000000 -9999.000000 -9999.000000 -9999.000000 -9999.000000 -9999.000000 -9999.000000 -9999.000000 -9999.000000
-9999.000000 -9999.000000 -9999.000000 -9999.000000 -9999.000000 -9999.000000 -9999.000000 -9999.000000 -9999.000000 -9999.000000 -9999.000000 -9999.000000 -9999.000000 -9999.000000 -9999.000000 1.000000 1.000000 1.000000 1.000000 1.000000 0.745821 0.745821 0.738649 0.738649 0.731478 0.752992 0.817534 0.910762 0.968133 1.018332 -9999.000000 1.000000 1.000000 1.000000 1.000000 1.000000 1.000000 1.000000 1.000000 0.760163 1.000000 1.000000 1.000000 1.000000 -9999.000000 -9999.000000 -9999.000000 -9999.000000 -9999.000000 -9999.000000 -9999.000000 -9999.000000 -9999.000000 -9999.000000 -9999.000000 -9999.000000
-9999.000000 -9999.000000 -9999.000000 -9999.000000 -9999.000000 -9999.000000 -9999.000000 -9999.000000 -9999.000000 -9999.000000 -9999.000000 -9999.000000 -9999.000000 -9999.000000 -9999.000000 -9999.000000 1.000000 1.000000 1.000000 1.000000 1.000000 1.000000 0.717135 0.717135 0.724307 0.731478 0.767335 0.831877 0.903591 1.000000 1.000000 1.000000 1.000000 1.000000 1.000000 1.000000 1.000000 1.000000 1.000000 1.000000 1.000000 -9999.000000 1.000000 1.000000 -9999.000000 -9999.000000 -9999.000000 -9999.000000 -9999.000000 -9999.000000 -9999.000000 -9999.000000 -9999.000000 -9999.000000 -9999.000000 -9999.000000
-9999.000000 -9999.000000 -9999.000000 -9999.000000 -9999.000000 -9999.000000 -9999.000000 -9999.000000 -9999.000000 -9999.000000 -9999.000000 -9999.000000 -9999.000000 -9999.000000 -9999.000000 -9999.000000 -9999.000000 1.000000 1.000000 1.000000 1.000000 1.000000 0.731478 0.724307 0.724307 0.724307 0.731478 0.788849 0.846220 0.896419 0.939447 0.939447 1.000000 1.000000 1.000000 1.000000 1.000000 1.000000 1.000000 1.000000 1.000000 -9999.000000 -9999.000000 0.810363 1.000000 1.000000 -9999.000000 -9999.000000 -9999.000000 -9999.000000 -9999.000000 -9999.000000 -9999.000000 -9999.000000 -9999.000000 -9999.000000
-9999.000000 -9999.000000 -9999.000000 -9999.000000 -9999.000000 -9999.000000 -9999.000000 -9999.000000 -9999.000000 -9999.000000 -9999.000000 -9999.000000 -9999.000000 -9999.000000 -9999.000000 -9999.000000 -9999.000000 -9999.000000 1.000000 1.000000 1.000000 1.000000 1.000000 0.717135 0.717135 0.717135 0.724307 0.752992 0.810363 0.860562 0.910762 0.996818 1.061360 0.982475 0.889248 0.874905 1.000000 1.000000 1.000000 1.000000 1.000000 -9999.000000 1.000000 1.000000 1.000000 -9999.000000 -9999.000000 -9999.000000 -9999.000000 -9999.000000 -9999.000000 -9999.000000 -9999.000000 -9999.000000 -9999.000000 -9999.000000
-9999.000000 -9999.000000 -9999.000000 -9999.000000 -9999.000000 -9999.000000 -9999.000000 -9999.000000 -9999.000000 -9999.000000 -9999.000000 -9999.000000 -9999.000000 -9999.000000 -9999.000000 -9999.000000 -9999.000000 -9999.000000 1.000000 1.000000 1.000000 1.000000 1.000000 1.000000 0.717135 0.717135 0.717135 0.724307 0.781677 0.831877 0.889248 0.996818 1.090046 1.039846 0.996818 0.996818 1.000000 1.000000 1.000000 1.000000 1.000000 1.000000 1.000000 1.000000 1.000000 -9999.000000 -9999.000000 -9999.000000 -9999.000000 -9999.000000 -9999.000000 -9999.000000 -9999.000000 -9999.000000 -9999.000000 -9999.000000
-9999.000000 -9999.000000 -9999.000000 -9999.000000 -9999.000000 -9999.000000 -9999.000000 -9999.000000 -9999.000000 -9999.000000 -9999.000000 -9999.000000 -9999.000000 -9999.000000 -9999.000000 -9999.000000 -9999.000000 -9999.000000 -9999.000000 -9999.000000 1.000000 1.000000 1.000000 1.000000 1.000000 0.717135 0.717135 0.717135 0.752992 0.810363 0.846220 0.903591 0.982475 0.982475 0.939447 0.925104 0.925104 1.000000 1.000000 1.000000 1.000000 1.000000 1.000000 1.000000 1.000000 -9999.000000 -9999.000000 -9999.000000 -9999.000000 -9999.000000 -9999.000000 -9999.000000 -9999.000000 -9999.000000 -9999.000000 -9999.000000
-9999.000000 -9999.000000 -9999.000000 -9999.000000 -9999.000000 -9999.000000 -9999.000000 -9999.000000 -9999.000000 -9999.000000 -9999.000000 -9999.000000 -9999.000000 -9999.000000 -9999.000000 -9999.000000 -9999.000000 -9999.000000 -9999.000000 -9999.000000 -9999.000000 1.000000 1.000000 1.000000 1.000000 1.000000 0.717135 0.717135 0.738649 0.788849 0.817534 0.831877 0.853391 0.874905 0.853391 0.860562 0.853391 1.000000 1.000000 1.000000 1.000000 1.000000 1.000000 1.000000 1.000000 1.000000 -9999.000000 -9999.000000 -9999.000000 -9999.000000 -9999.000000 -9999.000000 -9999.000000 -9999.000000 -9999.000000 -9999.000000
-9999.000000 -9999.000000 -9999.000000 -9999.000000 -9999.000000 -9999.000000 -9999.000000 -9999.000000 -9999.000000 -9999.000000 -9999.000000 -9999.000000 -9999.000000 -9999.000000 -9999.000000 -9999.000000 -9999.000000 -9999.000000 -9999.000000 -9999.000000 -9999.000000 1.000000 1.000000 1.000000 1.000000 1.000000 0.724307 0.724307 0.717135 0.774506 0.839048 0.839048 0.846220 0.853391 0.860562 0.860562 0.846220 0.817534 0.788849 1.000000 1.000000 1.000000 1.000000 1.000000 1.000000 1.000000 1.000000 1.000000 1.000000 -9999.000000 -9999.000000 -9999.000000 -9999.000000 -9999.000000 -9999.000000 -9999.000000
