data/forcing/ECOSPACE_in_3day_nutrld_fromASC_202601/XLD_normalised_2007_02.asc
ncols        93
nrows        151
xllcorner    -123.80739
yllcorner    48.29471
cellsize      0.013497347
NODATA_value -9999.0
[rows 50 to 74 of 151, columns 0 to 55 of 93]
-9999.000000 1.000000 1.000000 1.000000 -9999.000000 -9999.000000 1.000000 -9999.000000 -9999.000000 -9999.000000 -9999.000000 -9999.000000 1.577698 1.577698 1.577698 1.577698 1.577698 1.577698 1.577698 1.577698 1.577698 1.577698 1.577698 1.577698 1.577698 -9999.000000 -9999.000000 -9999.000000 -9999.000000 -9999.000000 -9999.000000 -9999.000000 1.000000 1.000000 1.000000 1.000000 1.000000 1.000000 1.000000 1.000000 -9999.000000 -9999.000000 -9999.000000 -9999.000000 -9999.000000 -9999.000000 -9999.000000 -9999.000000 -9999.000000 -9999.000000 -9999.000000 -9999.000000 -9999.000000 1.000000 1.000000 1.000000
-9999.000000 1.000000 1.000000 1.000000 -9999.000000 -9999.000000 1.348214 -9999.000000 -9999.000000 -9999.000000 -9999.000000 -9999.000000 1.577698 1.577698 1.577698 1.577698 1.577698 1.577698 1.577698 1.577698 1.577698 1.577698 1.577698 1.577698 1.577698 1.577698 -9999.000000 -9999.000000 -9999.000000 -9999.000000 -9999.000000 -9999.000000 1.000000 1.000000 1.000000 1.000000 1.000000 1.000000 1.000000 -9999.000000 -9999.000000 -9999.000000 -9999.000000 -9999.000000 -9999.000000 -9999.000000 -9999.000000 -9999.000000 1.000000 1.000000 1.000000 1.000000 1.000000 1.000000 1.000000 1.000000
-9999.000000 -9999.000000 1.000000 1.000000 1.000000 -9999.000000 1.000000 1.000000 -9999.000000 -9999.000000 1.000000 1.000000 -9999.000000 1.577698 1.577698 1.577698 1.577698 1.577698 1.577698 1.577698 1.577698 1.577698 1.577698 1.577698 1.577698 1.577698 -9999.000000 -9999.000000 -9999.000000 -9999.000000 -9999.000000 -9999.000000 -9999.000000 1.000000 1.000000 1.000000 1.000000 1.000000 1.000000 -9999.000000 -9999.000000 -9999.000000 -9999.000000 -9999.000000 -9999.000000 -9999.000000 -9999.000000 1.000000 1.000000 -9999.000000 -9999.000000 -9999.000000 -9999.000000 -9999.000000 -9999.000000 1.000000
-9999.000000 -9999.000000 -9999.000000 1.000000 1.000000 1.000000 1.000000 1.000000 1.000000 1.254987 1.000000 1.405585 1.577698 1.577698 1.577698 1.577698 1.577698 1.577698 1.577698 1.577698 1.577698 1.577698 1.577698 1.577698 1.577698 1.577698 1.577698 -9999.000000 -9999.000000 -9999.000000 -9999.000000 -9999.000000 -9999.000000 1.000000 1.000000 1.000000 1.000000 1.000000 1.000000 1.000000 -9999.000000 -9999.000000 -9999.000000 -9999.000000 -9999.000000 1.000000 1.000000 1.000000 -9999.000000 -9999.000000 -9999.000000 -9999.000000 -9999.000000 -9999.000000 -9999.000000 1.000000
-9999.000000 -9999.000000 -9999.000000 -9999.000000 -9999.000000 1.000000 1.000000 1.000000 1.000000 0.960961 1.000000 1.000000 1.000000 1.577698 1.577698 1.577698 1.577698 1.577698 1.577698 1.577698 1.577698 1.577698 1.577698 1.577698 1.577698 1.577698 1.577698 1.505984 -9999.000000 -9999.000000 -9999.000000 -9999.000000 -9999.000000 1.000000 1.000000 1.000000 1.000000 1.000000 1.000000 1.000000 1.000000 -9999.000000 -9999.000000 -9999.000000 -9999.000000 1.000000 -9999.000000 -9999.000000 -9999.000000 -9999.000000 -9999.000000 -9999.000000 -9999.000000 -9999.000000 -9999.000000 -9999.000000
-9999.000000 -9999.000000 -9999.000000 -9999.000000 -9999.000000 1.000000 1.000000 1.000000 1.000000 1.000000 1.000000 1.000000 1.000000 1.441442 1.577698 1.577698 1.577698 1.577698 1.577698 1.577698 1.577698 1.577698 1.577698 1.577698 1.577698 1.577698 1.577698 1.577698 -9999.000000 -9999.000000 -9999.000000 -9999.000000 -9999.000000 1.000000 1.000000 1.000000 1.000000 1.000000 1.000000 1.000000 1.000000 1.000000 -9999.000000 1.000000 0.882076 1.000000 -9999.000000 -9999.000000 -9999.000000 -9999.000000 -9999.000000 -9999.000000 -9999.000000 -9999.000000 -9999.000000 -9999.000000
-9999.000000 -9999.000000 -9999.000000 -9999.000000 -9999.000000 -9999.000000 1.000000 1.000000 1.000000 1.000000 1.000000 1.000000 1.000000 1.448613 1.577698 1.577698 1.577698 1.577698 1.577698 1.577698 1.577698 1.577698 1.577698 1.577698 1.577698 1.577698 1.577698 1.577698 1.577698 -9999.000000 -9999.000000 -9999.000000 -9999.000000 -9999.000000 1.000000 1.000000 1.000000 1.000000 1.000000 1.000000 1.000000 1.000000 1.000000 1.000000 -9999.000000 -9999.000000 -9999.000000 -9999.000000 -9999.000000 -9999.000000 -9999.000000 -9999.000000 -9999.000000 -9999.000000 -9999.000000 -9999.000000
-9999.000000 -9999.000000 -9999.000000 -9999.000000 -9999.000000 -9999.000000 1.000000 1.000000 1.000000 1.000000 1.000000 1.000000 1.000000 1.405585 1.577698 1.577698 1.577698 1.577698 1.577698 1.577698 1.577698 1.577698 1.577698 1.577698 1.577698 1.577698 1.577698 1.577698 1.577698 -9999.000000 -9999.000000 -9999.000000 -9999.000000 -9999.000000 1.000000 1.000000 1.000000 1.000000 1.000000 1.000000 1.000000 1.000000 1.000000 1.000000 -9999.000000 -9999.000000 -9999.000000 -9999.000000 -9999.000000 -9999.000000 -9999.000000 -9999.000000 -9999.000000 -9999.000000 -9999.000000 -9999.000000
-9999.000000 -9999.000000 -9999.000000 -9999.000000 -9999.000000 -9999.000000 1.000000 1.000000 1.000000 1.000000 1.000000 1.000000 1.000000 1.000000 1.577698 1.577698 1.577698 1.577698 1.577698 1.577698 1.577698 1.577698 1.577698 -9999.000000 1.000000 1.577698 1.577698 1.000000 1.000000 1.570526 -9999.000000 -9999.000000 -9999.000000 -9999.000000 1.000000 1.000000 1.000000 1.000000 1.000000 1.000000 1.000000 1.000000 1.000000 1.000000 -9999.000000 -9999.000000 -9999.000000 -9999.000000 -9999.000000 -9999.000000 -9999.000000 -9999.000000 -9999.000000 -9999.000000 -9999.000000 -9999.000000
-9999.000000 -9999.000000 -9999.000000 -9999.000000 -9999.000000 -9999.000000 1.000000 1.000000 1.000000 1.000000 1.000000 1.000000 1.000000 1.000000 1.577698 1.577698 1.577698 1.577698 1.577698 1.577698 1.577698 1.577698 1.000000 -9999.000000 -9999.000000 -9999.000000 1.577698 1.000000 1.000000 1.000000 1.000000 -9999.000000 -9999.000000 -9999.000000 1.000000 1.000000 1.000000 1.000000 1.000000 1.000000 1.000000 1.000000 1.000000 -9999.000000 -9999.000000 -9999.000000 -9999.000000 -9999.000000 -9999.000000 -9999.000000 -9999.000000 -9999.000000 -9999.000000 -9999.000000 -9999.000000 -9999.000000
-9999.000000 -9999.000000 -9999.000000 -9999.000000 -9999.000000 -9999.000000 -9999.000000 1.000000 1.000000 1.000000 1.000000 1.000000 1.000000 1.000000 1.000000 1.577698 1.577698 1.577698 1.577698 1.577698 1.577698 1.577698 1.577698 -9999.000000 -9999.000000 -9999.000000 -9999.000000 1.534670 1.577698 1.527498 1.000000 -9999.000000 -9999.000000 -9999.000000 -9999.000000 1.000000 1.000000 1.000000 1.000000 1.000000 1.000000 1.000000 1.000000 1.000000 -9999.000000 -9999.000000 -9999.000000 -9999.000000 -9999.000000 -9999.000000 -9999.000000 -9999.000000 -9999.000000 -9999.000000 -9999.000000 -9999.000000
-9999.000000 -9999.000000 -9999.000000 -9999.000000 -9999.000000 -9999.000000 -9999.000000 1.000000 1.000000 1.000000 1.000000 1.000000 1.000000 1.000000 1.000000 1.577698 1.577698 1.577698 1.577698 1.577698 1.577698 1.577698 1.577698 -9999.000000 -9999.000000 -9999.000000 -9999.000000 -9999.000000 1.412757 1.577698 1.577698 1.577698 -9999.000000 -9999.000000 -9999.000000 1.000000 1.000000 1.000000 1.000000 1.000000 1.000000 1.000000 1.000000 1.000000 -9999.000000 -9999.000000 -9999.000000 -9999.000000 -9999.000000 -9999.000000 -9999.000000 -9999.000000 -9999.000000 -9999.000000 -9999.000000 -9999.000000
-9999.000000 -9999.000000 -9999.000000 -9999.000000 -9999.000000 -9999.000000 -9999.000000 -9999.000000 1.000000 1.000000 1.000000 1.000000 1.000000 1.000000 1.000000 1.000000 1.470127 1.577698 1.577698 1.577698 1.577698 1.577698 1.577698 1.577698 -9999.000000 -9999.000000 -9999.000000 -9999.000000 -9999.000000 1.348214 1.577698 1.577698 1.549012 -9999.000000 -9999.000000 1.000000 1.000000 1.000000 1.000000 1.000000 1.000000 1.000000 1.000000 1.000000 -9999.000000 -9999.000000 -9999.000000 -9999.000000 -9999.000000 -9999.000000 -9999.000000 -9999.000000 -9999.000000 -9999.000000 -9999.000000 -9999.000000
-9999.000000 -9999.000000 -9999.000000 -9999.000000 -9999.000000 -9999.000000 -9999.000000 -9999.000000 -9999.000000 1.000000 1.000000 1.000000 1.000000 1.000000 1.000000 1.000000 1.000000 1.290843 1.398414 1.577698 1.577698 1.577698 1.577698 1.577698 1.254987 -9999.000000 -9999.000000 -9999.000000 -9999.000000 1.226301 1.577698 1.577698 1.577698 -9999.000000 -9999.000000 1.000000 1.000000 1.000000 1.000000 1.000000 1.000000 1.000000 1.000000 1.000000 -9999.000000 -9999.000000 -9999.000000 -9999.000000 -9999.000000 -9999.000000 -9999.000000 -9999.000000 -9999.000000 -9999.000000 -9999.000000 -9999.000000
-9999.000000 -9999.000000 -9999.000000 -9999.000000 -9999.000000 -9999.000000 -9999.000000 -9999.000000 -9999.000000 -9999.000000 1.000000 1.000000 1.000000 1.000000 1.000000 1.000000 1.000000 1.000000 1.000000 1.470127 1.577698 1.577698 1.577698 1.577698 1.577698 1.577698 -9999.000000 -9999.000000 -9999.000000 -9999.000000 1.577698 1.577698 1.000000 -9999.000000 -9999.000000 1.000000 1.000000 1.000000 1.000000 1.000000 1.000000 1.000000 1.000000 1.000000 -9999.000000 -9999.000000 -9999.000000 -9999.000000 -9999.000000 -9999.000000 -9999.000000 -9999.000000 -9999.000000 -9999.000000 -9999.000000 -9999.000000
-9999.000000 -9999.000000 -9999.000000 -9999.000000 -9999.000000 -9999.000000 -9999.000000 -9999.000000 -9999.000000 -9999.000000 -9999.000000 -9999.000000 1.000000 1.000000 1.000000 1.000000 1.000000 1.000000 1.000000 1.477299 1.563355 1.577698 1.577698 1.577698 1.577698 1.577698 1.577698 1.577698 -9999.000000 -9999.000000 -9999.000000 1.577698 1.000000 1.000000 -9999.000000 1.000000 1.000000 1.000000 1.000000 1.000000 1.000000 1.000000 1.000000 1.000000 -9999.000000 -9999.000000 -9999.000000 -9999.000000 -9999.000000 -9999.000000 -9999.000000 -9999.000000 -9999.000000 -9999.000000 -9999.000000 -9999.000000
-9999.000000 -9999.000000 -9999.000000 -9999.000000 -9999.000000 -9999.000000 -9999.000000 -9999.000000 -9999.000000 -9999.000000 -9999.000000 -9999.000000 1.000000 1.000000 1.000000 1.000000 1.000000 1.000000 1.000000 1.000000 1.000000 1.577698 1.577698 1.577698 1.577698 1.577698 1.577698 1.577698 1.577698 -9999.000000 -9999.000000 1.000000 1.000000 1.000000 1.000000 1.000000 1.000000 1.000000 1.000000 1.000000 1.000000 1.000000 1.000000 1.000000 -9999.000000 -9999.000000 -9999.000000 -9999.000000 -9999.000000 -9999.000000 -9999.000000 -9999.000000 -9999.000000 -9999.000000 -9999.000000 -9999.000000
-9999.000000 -9999.000000 -9999.000000 -9999.000000 -9999.000000 -9999.000000 -9999.000000 -9999.000000 -9999.000000 -9999.000000 -9999.000000 -9999.000000 -9999.000000 -9999.000000 -9999.000000 1.000000 1.000000 1.000000 1.000000 1.000000 1.455785 1.534670 1.577698 1.577698 1.577698 1.577698 1.577698 1.577698 1.577698 1.577698 -9999.000000 1.000000 1.000000 1.000000 1.000000 1.000000 1.000000 1.000000 1.000000 0.882076 1.000000 1.000000 1.000000 1.000000 -9999.000000 -9999.000000 -9999.000000 -9999.000000 -9999.000000 -9999.000000 -9999.000000 -9999.000000 -9999.000000 -9999.000000 -9999.000000 -9999.000000
-9999.000000 -9999.000000 -9999.000000 -9999.000000 -9999.000000 -9999.000000 -9999.000000 -9999.000000 -9999.000000 -9999.000000 -9999.000000 -9999.000000 -9999.000000 -9999.000000 -9999.000000 -9999.000000 1.000000 1.000000 1.000000 1.000000 1.000000 1.000000 1.534670 1.577698 1.577698 1.556184 1.577698 1.577698 1.577698 1.000000 1.000000 1.000000 1.000000 1.000000 1.000000 1.000000 1.000000 1.000000 1.000000 1.000000 1.000000 -9999.000000 1.000000 1.000000 -9999.000000 -9999.000000 -9999.000000 -9999.000000 -9999.000000 -9999.000000 -9999.000000 -9999.000000 -9999.000000 -9999.000000 -9999.000000 -9999.000000
-9999.000000 -9999.000000 -9999.000000 -9999.000000 -9999.000000 -9999.000000 -9999.000000 -9999.000000 -9999.000000 -9999.000000 -9999.000000 -9999.000000 -9999.000000 -9999.000000 -9999.000000 -9999.000000 -9999.000000 1.000000 1.000000 1.000000 1.000000 1.000000 1.405585 1.498813 1.577698 1.577698 1.577698 1.541841 1.498813 1.434271 1.355386 1.362557 1.000000 1.000000 1.000000 1.000000 1.000000 1.000000 1.000000 1.000000 1.000000 -9999.000000 -9999.000000 0.882076 1.000000 1.000000 -9999.000000 -9999.000000 -9999.000000 -9999.000000 -9999.000000 -9999.000000 -9999.000000 -9999.000000 -9999.000000 -9999.000000
-9999.000000 -9999.000000 -9999.000000 -9999.000000 -9999.000000 -9999.000000 -9999.000000 -9999.000000 -9999.000000 -9999.000000 -9999.000000 -9999.000000 -9999.000000 -9999.000000 -9999.000000 -9999.000000 -9999.000000 -9999.000000 1.000000 1.000000 1.000000 1.000000 1.000000 1.333872 1.412757 1.577698 1.577698 1.577698 1.577698 1.498813 1.419928 1.376900 1.326700 1.283672 1.233473 1.197616 1.000000 1.000000 1.000000 1.000000 1.000000 -9999.000000 1.000000 1.000000 1.000000 -9999.000000 -9999.000000 -9999.000000 -9999.000000 -9999.000000 -9999.000000 -9999.000000 -9999.000000 -9999.000000 -9999.000000 -9999.000000
-9999.000000 -9999.000000 -9999.000000 -9999.000000 -9999.000000 -9999.000000 -9999.000000 -9999.000000 -9999.000000 -9999.000000 -9999.000000 -9999.000000 -9999.000000 -9999.000000 -9999.000000 -9999.000000 -9999.000000 -9999.000000 1.000000 1.000000 1.000000 1.000000 1.000000 1.000000 1.312358 1.405585 1.577698 1.577698 1.577698 1.577698 1.570526 1.498813 1.462956 1.398414 1.384071 1.376900 1.000000 1.000000 1.000000 1.000000 1.000000 1.000000 1.000000 1.000000 1.000000 -9999.000000 -9999.000000 -9999.000000 -9999.000000 -9999.000000 -9999.000000 -9999.000000 -9999.000000 -9999.000000 -9999.000000 -9999.000000
-9999.000000 -9999.000000 -9999.000000 -9999.000000 -9999.000000 -9999.000000 -9999.000000 -9999.000000 -9999.000000 -9999.000000 -9999.000000 -9999.000000 -9999.000000 -9999.000000 -9999.000000 -9999.000000 -9999.000000 -9999.000000 -9999.000000 -9999.000000 1.000000 1.000000 1.000000 1.000000 1.000000 1.341043 1.484470 1.577698 1.577698 1.577698 1.577698 1.577698 1.577698 1.563355 1.556184 1.462956 1.355386 1.000000 1.000000 1.000000 1.000000 1.000000 1.000000 1.000000 1.000000 -9999.000000 -9999.000000 -9999.000000 -9999.000000 -9999.000000 -9999.000000 -9999.000000 -9999.000000 -9999.000000 -9999.000000 -9999.000000
-9999.000000 -9999.000000 -9999.000000 -9999.000000 -9999.000000 -9999.000000 -9999.000000 -9999.000000 -9999.000000 -9999.000000 -9999.000000 -9999.000000 -9999.000000 -9999.000000 -9999.000000 -9999.000000 -9999.000000 -9999.000000 -9999.000000 -9999.000000 -9999.000000 1.000000 1.000000 1.000000 1.000000 1.000000 1.412757 1.577698 1.577698 1.577698 1.577698 1.577698 1.577698 1.570526 1.455785 1.384071 1.254987 1.000000 1.000000 1.000000 1.000000 1.000000 1.000000 1.000000 1.000000 1.000000 -9999.000000 -9999.000000 -9999.000000 -9999.000000 -9999.000000 -9999.000000 -9999.000000 -9999.000000 -9999.000000 -9999.000000
-9999.000000 -9999.000000 -9999.000000 -9999.000000 -9999.000000 -9999.000000 -9999.000000 -9999.000000 -9999.000000 -9999.000000 -9999.000000 -9999.000000 -9999.000000 -9999.000000 -9999.000000 -9999.000000 -9999.000000 -9999.000000 -9999.000000 -9999.000000 -9999.000000 1.000000 1.000000 1.000000 1.000000 1.000000 1.405585 1.534670 1.577698 1.577698 1.577698 1.577698 1.577698 1.491641 1.369728 1.247815 1.176102 1.133074 1.054189 1.000000 1.000000 1.000000 1.000000 1.000000 1.000000 1.000000 1.000000 1.000000 1.000000 -9999.000000 -9999.000000 -9999.000000 -9999.000000 -9999.000000 -9999.000000 -9999.000000
