data/forcing/ECOSPACE_in_3day_nutrld_fromASC_202601/XLD_normalised_1991_347.asc
ncols        93
nrows        151
xllcorner    -123.80739
yllcorner    48.29471
cellsize      0.013497347
NODATA_value -9999.0
[rows 50 to 74 of 151, columns 0 to 55 of 93]
-9999.000000 1.000000 1.000000 1.000000 -9999.000000 -9999.000000 1.000000 -9999.000000 -9999.000000 -9999.000000 -9999.000000 -9999.000000 0.910762 0.896419 0.896419 0.882076 0.939447 1.018332 1.061360 1.025504 0.996818 0.975304 0.946619 0.903591 0.839048 -9999.000000 -9999.000000 -9999.000000 -9999.000000 -9999.000000 -9999.000000 -9999.000000 1.000000 1.000000 1.000000 1.000000 1.000000 1.000000 1.000000 1.000000 -9999.000000 -9999.000000 -9999.000000 -9999.000000 -9999.000000 -9999.000000 -9999.000000 -9999.000000 -9999.000000 -9999.000000 -9999.000000 -9999.000000 -9999.000000 1.000000 1.000000 1.000000
-9999.000000 1.000000 1.000000 1.000000 -9999.000000 -9999.000000 0.932276 -9999.000000 -9999.000000 -9999.000000 -9999.000000 -9999.000000 1.061360 0.917933 0.867734 0.896419 0.917933 1.003989 1.061360 1.061360 1.047018 0.996818 0.946619 0.903591 0.839048 0.817534 -9999.000000 -9999.000000 -9999.000000 -9999.000000 -9999.000000 -9999.000000 1.000000 1.000000 1.000000 1.000000 1.000000 1.000000 1.000000 -9999.000000 -9999.000000 -9999.000000 -9999.000000 -9999.000000 -9999.000000 -9999.000000 -9999.000000 -9999.000000 1.000000 1.000000 1.000000 1.000000 1.000000 1.000000 1.000000 1.000000
-9999.000000 -9999.000000 1.000000 1.000000 1.000000 -9999.000000 1.000000 1.000000 -9999.000000 -9999.000000 1.000000 1.000000 -9999.000000 0.960961 0.860562 0.867734 0.896419 0.968133 1.054189 1.090046 1.047018 0.996818 0.910762 0.882076 0.867734 0.831877 -9999.000000 -9999.000000 -9999.000000 -9999.000000 -9999.000000 -9999.000000 -9999.000000 1.000000 1.000000 1.000000 1.000000 1.000000 1.000000 -9999.000000 -9999.000000 -9999.000000 -9999.000000 -9999.000000 -9999.000000 -9999.000000 -9999.000000 1.000000 1.000000 -9999.000000 -9999.000000 -9999.000000 -9999.000000 -9999.000000 -9999.000000 1.000000
-9999.000000 -9999.000000 -9999.000000 1.000000 1.000000 1.000000 1.000000 1.000000 1.000000 0.953790 1.000000 0.968133 0.889248 0.896419 0.860562 0.903591 0.896419 0.932276 0.953790 0.982475 0.946619 0.932276 0.889248 0.839048 0.839048 0.803191 0.810363 -9999.000000 -9999.000000 -9999.000000 -9999.000000 -9999.000000 -9999.000000 1.000000 1.000000 1.000000 1.000000 1.000000 1.000000 1.000000 -9999.000000 -9999.000000 -9999.000000 -9999.000000 -9999.000000 1.000000 1.000000 1.000000 -9999.000000 -9999.000000 -9999.000000 -9999.000000 -9999.000000 -9999.000000 -9999.000000 1.000000
-9999.000000 -9999.000000 -9999.000000 -9999.000000 -9999.000000 1.000000 1.000000 1.000000 1.000000 0.889248 1.000000 1.000000 1.000000 0.860562 0.853391 0.910762 0.910762 0.903591 0.925104 0.910762 0.939447 0.925104 0.867734 0.817534 0.774506 0.810363 0.796020 0.745821 -9999.000000 -9999.000000 -9999.000000 -9999.000000 -9999.000000 1.000000 1.000000 1.000000 1.000000 1.000000 1.000000 1.000000 1.000000 -9999.000000 -9999.000000 -9999.000000 -9999.000000 1.000000 -9999.000000 -9999.000000 -9999.000000 -9999.000000 -9999.000000 -9999.000000 -9999.000000 -9999.000000 -9999.000000 -9999.000000
-9999.000000 -9999.000000 -9999.000000 -9999.000000 -9999.000000 1.000000 1.000000 1.000000 1.000000 1.000000 1.000000 1.000000 1.000000 0.889248 0.910762 0.917933 0.925104 0.932276 0.910762 0.917933 0.932276 0.889248 0.831877 0.803191 0.781677 0.745821 0.781677 0.745821 -9999.000000 -9999.000000 -9999.000000 -9999.000000 -9999.000000 1.000000 1.000000 1.000000 1.000000 1.000000 1.000000 1.000000 1.000000 1.000000 -9999.000000 1.000000 0.717135 1.000000 -9999.000000 -9999.000000 -9999.000000 -9999.000000 -9999.000000 -9999.000000 -9999.000000 -9999.000000 -9999.000000 -9999.000000
-9999.000000 -9999.000000 -9999.000000 -9999.000000 -9999.000000 -9999.000000 1.000000 1.000000 1.000000 1.000000 1.000000 1.000000 1.000000 0.917933 0.932276 0.989647 1.025504 1.039846 1.003989 0.939447 0.882076 0.860562 0.824706 0.788849 0.760163 0.738649 0.724307 0.724307 0.760163 -9999.000000 -9999.000000 -9999.000000 -9999.000000 -9999.000000 1.000000 1.000000 1.000000 1.000000 1.000000 1.000000 1.000000 1.000000 1.000000 1.000000 -9999.000000 -9999.000000 -9999.000000 -9999.000000 -9999.000000 -9999.000000 -9999.000000 -9999.000000 -9999.000000 -9999.000000 -9999.000000 -9999.000000
-9999.000000 -9999.000000 -9999.000000 -9999.000000 -9999.000000 -9999.000000 1.000000 1.000000 1.000000 1.000000 1.000000 1.000000 1.000000 1.011161 1.018332 1.025504 0.953790 0.917933 0.910762 0.882076 0.853391 0.824706 1.032675 0.946619 0.796020 0.760163 0.745821 0.731478 0.767335 -9999.000000 -9999.000000 -9999.000000 -9999.000000 -9999.000000 1.000000 1.000000 1.000000 1.000000 1.000000 1.000000 1.000000 1.000000 1.000000 1.000000 -9999.000000 -9999.000000 -9999.000000 -9999.000000 -9999.000000 -9999.000000 -9999.000000 -9999.000000 -9999.000000 -9999.000000 -9999.000000 -9999.000000
-9999.000000 -9999.000000 -9999.000000 -9999.000000 -9999.000000 -9999.000000 1.000000 1.000000 1.000000 1.000000 1.000000 1.000000 1.000000 1.000000 0.975304 0.989647 0.968133 0.889248 0.874905 0.867734 0.946619 0.989647 1.176102 -9999.000000 1.000000 0.817534 0.781677 1.000000 1.000000 0.767335 -9999.000000 -9999.000000 -9999.000000 -9999.000000 1.000000 1.000000 1.000000 1.000000 1.000000 1.000000 1.000000 1.000000 1.000000 1.000000 -9999.000000 -9999.000000 -9999.000000 -9999.000000 -9999.000000 -9999.000000 -9999.000000 -9999.000000 -9999.000000 -9999.000000 -9999.000000 -9999.000000
-9999.000000 -9999.000000 -9999.000000 -9999.000000 -9999.000000 -9999.000000 1.000000 1.000000 1.000000 1.000000 1.000000 1.000000 1.000000 1.000000 0.968133 1.075703 1.075703 0.960961 0.882076 0.867734 1.003989 0.939447 1.000000 -9999.000000 -9999.000000 -9999.000000 0.817534 1.000000 1.000000 1.000000 1.000000 -9999.000000 -9999.000000 -9999.000000 1.000000 1.000000 1.000000 1.000000 1.000000 1.000000 1.000000 1.000000 1.000000 -9999.000000 -9999.000000 -9999.000000 -9999.000000 -9999.000000 -9999.000000 -9999.000000 -9999.000000 -9999.000000 -9999.000000 -9999.000000 -9999.000000 -9999.000000
-9999.000000 -9999.000000 -9999.000000 -9999.000000 -9999.000000 -9999.000000 -9999.000000 1.000000 1.000000 1.000000 1.000000 1.000000 1.000000 1.000000 1.000000 0.996818 1.068532 1.097217 1.068532 1.039846 1.039846 0.975304 1.176102 -9999.000000 -9999.000000 -9999.000000 -9999.000000 0.831877 0.853391 0.760163 1.000000 -9999.000000 -9999.000000 -9999.000000 -9999.000000 1.000000 1.000000 1.000000 1.000000 1.000000 1.000000 1.000000 1.000000 1.000000 -9999.000000 -9999.000000 -9999.000000 -9999.000000 -9999.000000 -9999.000000 -9999.000000 -9999.000000 -9999.000000 -9999.000000 -9999.000000 -9999.000000
-9999.000000 -9999.000000 -9999.000000 -9999.000000 -9999.000000 -9999.000000 -9999.000000 1.000000 1.000000 1.000000 1.000000 1.000000 1.000000 1.000000 1.000000 0.910762 1.047018 1.054189 1.047018 1.075703 1.047018 0.939447 0.889248 -9999.000000 -9999.000000 -9999.000000 -9999.000000 -9999.000000 1.003989 1.075703 0.752992 0.824706 -9999.000000 -9999.000000 -9999.000000 1.000000 1.000000 1.000000 1.000000 1.000000 1.000000 1.000000 1.000000 1.000000 -9999.000000 -9999.000000 -9999.000000 -9999.000000 -9999.000000 -9999.000000 -9999.000000 -9999.000000 -9999.000000 -9999.000000 -9999.000000 -9999.000000
-9999.000000 -9999.000000 -9999.000000 -9999.000000 -9999.000000 -9999.000000 -9999.000000 -9999.000000 1.000000 1.000000 1.000000 1.000000 1.000000 1.000000 1.000000 1.000000 1.003989 1.025504 1.039846 1.047018 1.039846 0.975304 0.968133 1.140245 -9999.000000 -9999.000000 -9999.000000 -9999.000000 -9999.000000 1.082874 0.817534 0.831877 0.853391 -9999.000000 -9999.000000 1.000000 1.000000 1.000000 1.000000 1.000000 1.000000 1.000000 1.000000 1.000000 -9999.000000 -9999.000000 -9999.000000 -9999.000000 -9999.000000 -9999.000000 -9999.000000 -9999.000000 -9999.000000 -9999.000000 -9999.000000 -9999.000000
-9999.000000 -9999.000000 -9999.000000 -9999.000000 -9999.000000 -9999.000000 -9999.000000 -9999.000000 -9999.000000 1.000000 1.000000 1.000000 1.000000 1.000000 1.000000 1.000000 1.000000 0.975304 1.003989 1.011161 1.032675 0.982475 0.953790 1.054189 1.068532 -9999.000000 -9999.000000 -9999.000000 -9999.000000 1.097217 1.018332 0.896419 0.882076 -9999.000000 -9999.000000 1.000000 1.000000 1.000000 1.000000 1.000000 1.000000 1.000000 1.000000 1.000000 -9999.000000 -9999.000000 -9999.000000 -9999.000000 -9999.000000 -9999.000000 -9999.000000 -9999.000000 -9999.000000 -9999.000000 -9999.000000 -9999.000000
-9999.000000 -9999.000000 -9999.000000 -9999.000000 -9999.000000 -9999.000000 -9999.000000 -9999.000000 -9999.000000 -9999.000000 1.000000 1.000000 1.000000 1.000000 1.000000 1.000000 1.000000 1.000000 1.000000 0.946619 1.054189 1.032675 0.996818 0.968133 1.039846 0.953790 -9999.000000 -9999.000000 -9999.000000 -9999.000000 1.032675 0.882076 1.000000 -9999.000000 -9999.000000 1.000000 1.000000 1.000000 1.000000 1.000000 1.000000 1.000000 1.000000 1.000000 -9999.000000 -9999.000000 -9999.000000 -9999.000000 -9999.000000 -9999.000000 -9999.000000 -9999.000000 -9999.000000 -9999.000000 -9999.000000 -9999.000000
-9999.000000 -9999.000000 -9999.000000 -9999.000000 -9999.000000 -9999.000000 -9999.000000 -9999.000000 -9999.000000 -9999.000000 -9999.000000 -9999.000000 1.000000 1.000000 1.000000 1.000000 1.000000 1.000000 1.000000 0.939447 1.032675 1.039846 1.018332 0.975304 0.982475 0.982475 1.125902 1.097217 -9999.000000 -9999.000000 -9999.000000 1.032675 1.000000 1.000000 -9999.000000 1.000000 1.000000 1.000000 1.000000 1.000000 1.000000 1.000000 1.000000 1.000000 -9999.000000 -9999.000000 -9999.000000 -9999.000000 -9999.000000 -9999.000000 -9999.000000 -9999.000000 -9999.000000 -9999.000000 -9999.000000 -9999.000000
-9999.000000 -9999.000000 -9999.000000 -9999.000000 -9999.000000 -9999.000000 -9999.000000 -9999.000000 -9999.000000 -9999.000000 -9999.000000 -9999.000000 1.000000 1.000000 1.000000 1.000000 1.000000 1.000000 1.000000 1.000000 1.000000 1.018332 1.054189 1.068532 1.183273 1.176102 1.047018 1.039846 1.118731 -9999.000000 -9999.000000 1.000000 1.000000 1.000000 1.000000 1.000000 1.000000 1.000000 1.000000 1.000000 1.000000 1.000000 1.000000 1.000000 -9999.000000 -9999.000000 -9999.000000 -9999.000000 -9999.000000 -9999.000000 -9999.000000 -9999.000000 -9999.000000 -9999.000000 -9999.000000 -9999.000000
-9999.000000 -9999.000000 -9999.000000 -9999.000000 -9999.000000 -9999.000000 -9999.000000 -9999.000000 -9999.000000 -9999.000000 -9999.000000 -9999.000000 -9999.000000 -9999.000000 -9999.000000 1.000000 1.000000 1.000000 1.000000 1.000000 0.968133 1.003989 1.075703 1.082874 1.140245 1.133074 1.111560 1.097217 1.018332 1.047018 -9999.000000 1.000000 1.000000 1.000000 1.000000 1.000000 1.000000 1.000000 1.000000 0.774506 1.000000 1.000000 1.000000 1.000000 -9999.000000 -9999.000000 -9999.000000 -9999.000000 -9999.000000 -9999.000000 -9999.000000 -9999.000000 -9999.000000 -9999.000000 -9999.000000 -9999.000000
-9999.000000 -9999.000000 -9999.000000 -9999.000000 -9999.000000 -9999.000000 -9999.000000 -9999.000000 -9999.000000 -9999.000000 -9999.000000 -9999.000000 -9999.000000 -9999.000000 -9999.000000 -9999.000000 1.000000 1.000000 1.000000 1.000000 1.000000 1.000000 1.047018 1.075703 1.118731 1.176102 1.154588 1.133074 1.097217 1.000000 1.000000 1.000000 1.000000 1.000000 1.000000 1.000000 1.000000 1.000000 1.000000 1.000000 1.000000 -9999.000000 1.000000 1.000000 -9999.000000 -9999.000000 -9999.000000 -9999.000000 -9999.000000 -9999.000000 -9999.000000 -9999.000000 -9999.000000 -9999.000000 -9999.000000 -9999.000000
-9999.000000 -9999.000000 -9999.000000 -9999.000000 -9999.000000 -9999.000000 -9999.000000 -9999.000000 -9999.000000 -9999.000000 -9999.000000 -9999.000000 -9999.000000 -9999.000000 -9999.000000 -9999.000000 -9999.000000 1.000000 1.000000 1.000000 1.000000 1.000000 0.968133 1.011161 1.090046 1.161759 1.219130 1.269330 1.254987 1.219130 1.140245 1.075703 1.000000 1.000000 1.000000 1.000000 1.000000 1.000000 1.000000 1.000000 1.000000 -9999.000000 -9999.000000 0.896419 1.000000 1.000000 -9999.000000 -9999.000000 -9999.000000 -9999.000000 -9999.000000 -9999.000000 -9999.000000 -9999.000000 -9999.000000 -9999.000000
-9999.000000 -9999.000000 -9999.000000 -9999.000000 -9999.000000 -9999.000000 -9999.000000 -9999.000000 -9999.000000 -9999.000000 -9999.000000 -9999.000000 -9999.000000 -9999.000000 -9999.000000 -9999.000000 -9999.000000 -9999.000000 1.000000 1.000000 1.000000 1.000000 1.000000 0.939447 0.989647 1.075703 1.147416 1.176102 1.140245 1.090046 1.054189 1.003989 0.960961 0.917933 0.860562 0.839048 1.000000 1.000000 1.000000 1.000000 1.000000 -9999.000000 1.000000 1.000000 1.000000 -9999.000000 -9999.000000 -9999.000000 -9999.000000 -9999.000000 -9999.000000 -9999.000000 -9999.000000 -9999.000000 -9999.000000 -9999.000000
-9999.000000 -9999.000000 -9999.000000 -9999.000000 -9999.000000 -9999.000000 -9999.000000 -9999.000000 -9999.000000 -9999.000000 -9999.000000 -9999.000000 -9999.000000 -9999.000000 -9999.000000 -9999.000000 -9999.000000 -9999.000000 1.000000 1.000000 1.000000 1.000000 1.000000 1.000000 0.975304 1.025504 1.090046 1.140245 1.168930 1.111560 1.025504 0.982475 0.953790 0.917933 0.874905 0.839048 1.000000 1.000000 1.000000 1.000000 1.000000 1.000000 1.000000 1.000000 1.000000 -9999.000000 -9999.000000 -9999.000000 -9999.000000 -9999.000000 -9999.000000 -9999.000000 -9999.000000 -9999.000000 -9999.000000 -9999.000000
-9999.000000 -9999.000000 -9999.000000 -9999.000000 -9999.000000 -9999.000000 -9999.000000 -9999.000000 -9999.000000 -9999.000000 -9999.000000 -9999.000000 -9999.000000 -9999.000000 -9999.000000 -9999.000000 -9999.000000 -9999.000000 -9999.000000 -9999.000000 1.000000 1.000000 1.000000 1.000000 1.000000 0.975304 1.025504 1.054189 1.090046 1.140245 1.032675 0.996818 0.953790 0.917933 0.882076 0.853391 0.824706 1.000000 1.000000 1.000000 1.000000 1.000000 1.000000 1.000000 1.000000 -9999.000000 -9999.000000 -9999.000000 -9999.000000 -9999.000000 -9999.000000 -9999.000000 -9999.000000 -9999.000000 -9999.000000 -9999.000000
-9999.000000 -9999.000000 -9999.000000 -9999.000000 -9999.000000 -9999.000000 -9999.000000 -9999.000000 -9999.000000 -9999.000000 -9999.000000 -9999.000000 -9999.000000 -9999.000000 -9999.000000 -9999.000000 -9999.000000 -9999.000000 -9999.000000 -9999.000000 -9999.000000 1.000000 1.000000 1.000000 1.000000 1.000000 1.003989 1.018332 1.025504 1.090046 1.032675 0.996818 0.953790 0.917933 0.889248 0.860562 0.846220 1.000000 1.000000 1.000000 1.000000 1.000000 1.000000 1.000000 1.000000 1.000000 -9999.000000 -9999.000000 -9999.000000 -9999.000000 -9999.000000 -9999.000000 -9999.000000 -9999.000000 -9999.000000 -9999.000000
-9999.000000 -9999.000000 -9999.000000 -9999.000000 -9999.000000 -9999.000000 -9999.000000 -9999.000000 -9999.000000 -9999.000000 -9999.000000 -9999.000000 -9999.000000 -9999.000000 -9999.000000 -9999.000000 -9999.000000 -9999.000000 -9999.000000 -9999.000000 -9999.000000 1.000000 1.000000 1.000000 1.000000 1.000000 1.025504 1.025504 1.039846 1.068532 1.032675 1.003989 0.960961 0.917933 0.903591 0.874905 0.853391 0.839048 0.817534 1.000000 1.000000 1.000000 1.000000 1.000000 1.000000 1.000000 1.000000 1.000000 1.000000 -9999.000000 -9999.000000 -9999.000000 -9999.000000 -9999.000000 -9999.000000 -9999.000000
