data/forcing/ECOSPACE_in_3day_nutrld_fromASC_202601/XLD_normalised_2018_350.asc
ncols        93
nrows        151
xllcorner    -123.80739
yllcorner    48.29471
cellsize      0.013497347
NODATA_value -9999.0
[rows 50 to 74 of 151, columns 0 to 55 of 93]
-9999.000000 1.000000 1.000000 1.000000 -9999.000000 -9999.000000 1.000000 -9999.000000 -9999.000000 -9999.000000 -9999.000000 -9999.000000 1.577698 1.577698 1.577698 1.577698 1.577698 1.577698 1.577698 1.577698 1.577698 1.577698 1.577698 1.491641 1.462956 -9999.000000 -9999.000000 -9999.000000 -9999.000000 -9999.000000 -9999.000000 -9999.000000 1.000000 1.000000 1.000000 1.000000 1.000000 1.000000 1.000000 1.000000 -9999.000000 -9999.000000 -9999.000000 -9999.000000 -9999.000000 -9999.000000 -9999.000000 -9999.000000 -9999.000000 -9999.000000 -9999.000000 -9999.000000 -9999.000000 1.000000 1.000000 1.000000
-9999.000000 1.000000 1.000000 1.000000 -9999.000000 -9999.000000 1.577698 -9999.000000 -9999.000000 -9999.000000 -9999.000000 -9999.000000 1.577698 1.577698 1.577698 1.577698 1.577698 1.577698 1.577698 1.577698 1.577698 1.577698 1.577698 1.369728 1.269330 1.419928 -9999.000000 -9999.000000 -9999.000000 -9999.000000 -9999.000000 -9999.000000 1.000000 1.000000 1.000000 1.000000 1.000000 1.000000 1.000000 -9999.000000 -9999.000000 -9999.000000 -9999.000000 -9999.000000 -9999.000000 -9999.000000 -9999.000000 -9999.000000 1.000000 1.000000 1.000000 1.000000 1.000000 1.000000 1.000000 1.000000
-9999.000000 -9999.000000 1.000000 1.000000 1.000000 -9999.000000 1.000000 1.000000 -9999.000000 -9999.000000 1.000000 1.000000 -9999.000000 1.577698 1.577698 1.577698 1.577698 1.577698 1.577698 1.577698 1.577698 1.577698 1.577698 1.549012 1.491641 1.398414 -9999.000000 -9999.000000 -9999.000000 -9999.000000 -9999.000000 -9999.000000 -9999.000000 1.000000 1.000000 1.000000 1.000000 1.000000 1.000000 -9999.000000 -9999.000000 -9999.000000 -9999.000000 -9999.000000 -9999.000000 -9999.000000 -9999.000000 1.000000 1.000000 -9999.000000 -9999.000000 -9999.000000 -9999.000000 -9999.000000 -9999.000000 1.000000
-9999.000000 -9999.000000 -9999.000000 1.000000 1.000000 1.000000 1.000000 1.000000 1.000000 1.233473 1.000000 1.326700 1.577698 1.577698 1.577698 1.577698 1.577698 1.577698 1.577698 1.577698 1.577698 1.577698 1.577698 1.577698 1.455785 1.348214 1.319529 -9999.000000 -9999.000000 -9999.000000 -9999.000000 -9999.000000 -9999.000000 1.000000 1.000000 1.000000 1.000000 1.000000 1.000000 1.000000 -9999.000000 -9999.000000 -9999.000000 -9999.000000 -9999.000000 1.000000 1.000000 1.000000 -9999.000000 -9999.000000 -9999.000000 -9999.000000 -9999.000000 -9999.000000 -9999.000000 1.000000
-9999.000000 -9999.000000 -9999.000000 -9999.000000 -9999.000000 1.000000 1.000000 1.000000 1.000000 1.434271 1.000000 1.000000 1.000000 1.577698 1.577698 1.577698 1.577698 1.577698 1.577698 1.577698 1.577698 1.577698 1.577698 1.577698 1.549012 1.412757 1.226301 1.097217 -9999.000000 -9999.000000 -9999.000000 -9999.000000 -9999.000000 1.000000 1.000000 1.000000 1.000000 1.000000 1.000000 1.000000 1.000000 -9999.000000 -9999.000000 -9999.000000 -9999.000000 1.000000 -9999.000000 -9999.000000 -9999.000000 -9999.000000 -9999.000000 -9999.000000 -9999.000000 -9999.000000 -9999.000000 -9999.000000
-9999.000000 -9999.000000 -9999.000000 -9999.000000 -9999.000000 1.000000 1.000000 1.000000 1.000000 1.000000 1.000000 1.000000 1.000000 1.577698 1.577698 1.577698 1.577698 1.577698 1.577698 1.577698 1.577698 1.577698 1.577698 1.563355 1.577698 1.549012 1.341043 1.104388 -9999.000000 -9999.000000 -9999.000000 -9999.000000 -9999.000000 1.000000 1.000000 1.000000 1.000000 1.000000 1.000000 1.000000 1.000000 1.000000 -9999.000000 1.000000 0.724307 1.000000 -9999.000000 -9999.000000 -9999.000000 -9999.000000 -9999.000000 -9999.000000 -9999.000000 -9999.000000 -9999.000000 -9999.000000
-9999.000000 -9999.000000 -9999.000000 -9999.000000 -9999.000000 -9999.000000 1.000000 1.000000 1.000000 1.000000 1.000000 1.000000 1.000000 1.577698 1.577698 1.577698 1.577698 1.577698 1.577698 1.577698 1.577698 1.577698 1.577698 1.577698 1.577698 1.441442 1.341043 1.039846 1.054189 -9999.000000 -9999.000000 -9999.000000 -9999.000000 -9999.000000 1.000000 1.000000 1.000000 1.000000 1.000000 1.000000 1.000000 1.000000 1.000000 1.000000 -9999.000000 -9999.000000 -9999.000000 -9999.000000 -9999.000000 -9999.000000 -9999.000000 -9999.000000 -9999.000000 -9999.000000 -9999.000000 -9999.000000
-9999.000000 -9999.000000 -9999.000000 -9999.000000 -9999.000000 -9999.000000 1.000000 1.000000 1.000000 1.000000 1.000000 1.000000 1.000000 1.577698 1.577698 1.577698 1.577698 1.577698 1.577698 1.577698 1.577698 1.577698 1.577698 1.247815 1.470127 1.534670 1.419928 1.405585 1.240644 -9999.000000 -9999.000000 -9999.000000 -9999.000000 -9999.000000 1.000000 1.000000 1.000000 1.000000 1.000000 1.000000 1.000000 1.000000 1.000000 1.000000 -9999.000000 -9999.000000 -9999.000000 -9999.000000 -9999.000000 -9999.000000 -9999.000000 -9999.000000 -9999.000000 -9999.000000 -9999.000000 -9999.000000
-9999.000000 -9999.000000 -9999.000000 -9999.000000 -9999.000000 -9999.000000 1.000000 1.000000 1.000000 1.000000 1.000000 1.000000 1.000000 1.000000 1.577698 1.577698 1.577698 1.577698 1.577698 1.577698 1.577698 1.577698 1.405585 -9999.000000 1.000000 1.398414 1.219130 1.000000 1.000000 1.147416 -9999.000000 -9999.000000 -9999.000000 -9999.000000 1.000000 1.000000 1.000000 1.000000 1.000000 1.000000 1.000000 1.000000 1.000000 1.000000 -9999.000000 -9999.000000 -9999.000000 -9999.000000 -9999.000000 -9999.000000 -9999.000000 -9999.000000 -9999.000000 -9999.000000 -9999.000000 -9999.000000
-9999.000000 -9999.000000 -9999.000000 -9999.000000 -9999.000000 -9999.000000 1.000000 1.000000 1.000000 1.000000 1.000000 1.000000 1.000000 1.000000 1.577698 1.577698 1.577698 1.577698 1.577698 1.577698 1.577698 1.577698 1.000000 -9999.000000 -9999.000000 -9999.000000 1.498813 1.000000 1.000000 1.000000 1.000000 -9999.000000 -9999.000000 -9999.000000 1.000000 1.000000 1.000000 1.000000 1.000000 1.000000 1.000000 1.000000 1.000000 -9999.000000 -9999.000000 -9999.000000 -9999.000000 -9999.000000 -9999.000000 -9999.000000 -9999.000000 -9999.000000 -9999.000000 -9999.000000 -9999.000000 -9999.000000
-9999.000000 -9999.000000 -9999.000000 -9999.000000 -9999.000000 -9999.000000 -9999.000000 1.000000 1.000000 1.000000 1.000000 1.000000 1.000000 1.000000 1.000000 1.577698 1.577698 1.577698 1.577698 1.577698 1.577698 1.577698 1.577698 -9999.000000 -9999.000000 -9999.000000 -9999.000000 1.118731 1.097217 1.427099 1.000000 -9999.000000 -9999.000000 -9999.000000 -9999.000000 1.000000 1.000000 1.000000 1.000000 1.000000 1.000000 1.000000 1.000000 1.000000 -9999.000000 -9999.000000 -9999.000000 -9999.000000 -9999.000000 -9999.000000 -9999.000000 -9999.000000 -9999.000000 -9999.000000 -9999.000000 -9999.000000
-9999.000000 -9999.000000 -9999.000000 -9999.000000 -9999.000000 -9999.000000 -9999.000000 1.000000 1.000000 1.000000 1.000000 1.000000 1.000000 1.000000 1.000000 1.577698 1.577698 1.577698 1.577698 1.577698 1.577698 1.577698 1.577698 -9999.000000 -9999.000000 -9999.000000 -9999.000000 -9999.000000 1.226301 1.355386 1.333872 1.405585 -9999.000000 -9999.000000 -9999.000000 1.000000 1.000000 1.000000 1.000000 1.000000 1.000000 1.000000 1.000000 1.000000 -9999.000000 -9999.000000 -9999.000000 -9999.000000 -9999.000000 -9999.000000 -9999.000000 -9999.000000 -9999.000000 -9999.000000 -9999.000000 -9999.000000
-9999.000000 -9999.000000 -9999.000000 -9999.000000 -9999.000000 -9999.000000 -9999.000000 -9999.000000 1.000000 1.000000 1.000000 1.000000 1.000000 1.000000 1.000000 1.000000 1.577698 1.577698 1.577698 1.577698 1.577698 1.577698 1.577698 1.577698 -9999.000000 -9999.000000 -9999.000000 -9999.000000 -9999.000000 1.233473 1.513155 1.577698 1.290843 -9999.000000 -9999.000000 1.000000 1.000000 1.000000 1.000000 1.000000 1.000000 1.000000 1.000000 1.000000 -9999.000000 -9999.000000 -9999.000000 -9999.000000 -9999.000000 -9999.000000 -9999.000000 -9999.000000 -9999.000000 -9999.000000 -9999.000000 -9999.000000
-9999.000000 -9999.000000 -9999.000000 -9999.000000 -9999.000000 -9999.000000 -9999.000000 -9999.000000 -9999.000000 1.000000 1.000000 1.000000 1.000000 1.000000 1.000000 1.000000 1.000000 1.577698 1.577698 1.577698 1.577698 1.556184 1.577698 1.577698 1.333872 -9999.000000 -9999.000000 -9999.000000 -9999.000000 1.147416 1.398414 1.577698 1.577698 -9999.000000 -9999.000000 1.000000 1.000000 1.000000 1.000000 1.000000 1.000000 1.000000 1.000000 1.000000 -9999.000000 -9999.000000 -9999.000000 -9999.000000 -9999.000000 -9999.000000 -9999.000000 -9999.000000 -9999.000000 -9999.000000 -9999.000000 -9999.000000
-9999.000000 -9999.000000 -9999.000000 -9999.000000 -9999.000000 -9999.000000 -9999.000000 -9999.000000 -9999.000000 -9999.000000 1.000000 1.000000 1.000000 1.000000 1.000000 1.000000 1.000000 1.000000 1.000000 1.577698 1.577698 1.462956 1.527498 1.577698 1.577698 1.577698 -9999.000000 -9999.000000 -9999.000000 -9999.000000 1.362557 1.455785 1.000000 -9999.000000 -9999.000000 1.000000 1.000000 1.000000 1.000000 1.000000 1.000000 1.000000 1.000000 1.000000 -9999.000000 -9999.000000 -9999.000000 -9999.000000 -9999.000000 -9999.000000 -9999.000000 -9999.000000 -9999.000000 -9999.000000 -9999.000000 -9999.000000
-9999.000000 -9999.000000 -9999.000000 -9999.000000 -9999.000000 -9999.000000 -9999.000000 -9999.000000 -9999.000000 -9999.000000 -9999.000000 -9999.000000 1.000000 1.000000 1.000000 1.000000 1.000000 1.000000 1.000000 1.577698 1.577698 1.577698 1.577698 1.577698 1.577698 1.577698 1.577698 1.577698 -9999.000000 -9999.000000 -9999.000000 1.577698 1.000000 1.000000 -9999.000000 1.000000 1.000000 1.000000 1.000000 1.000000 1.000000 1.000000 1.000000 1.000000 -9999.000000 -9999.000000 -9999.000000 -9999.000000 -9999.000000 -9999.000000 -9999.000000 -9999.000000 -9999.000000 -9999.000000 -9999.000000 -9999.000000
-9999.000000 -9999.000000 -9999.000000 -9999.000000 -9999.000000 -9999.000000 -9999.000000 -9999.000000 -9999.000000 -9999.000000 -9999.000000 -9999.000000 1.000000 1.000000 1.000000 1.000000 1.000000 1.000000 1.000000 1.000000 1.000000 1.577698 1.577698 1.577698 1.577698 1.577698 1.577698 1.577698 1.577698 -9999.000000 -9999.000000 1.000000 1.000000 1.000000 1.000000 1.000000 1.000000 1.000000 1.000000 1.000000 1.000000 1.000000 1.000000 1.000000 -9999.000000 -9999.000000 -9999.000000 -9999.000000 -9999.000000 -9999.000000 -9999.000000 -9999.000000 -9999.000000 -9999.000000 -9999.000000 -9999.000000
-9999.000000 -9999.000000 -9999.000000 -9999.000000 -9999.000000 -9999.000000 -9999.000000 -9999.000000 -9999.000000 -9999.000000 -9999.000000 -9999.000000 -9999.000000 -9999.000000 -9999.000000 1.000000 1.000000 1.000000 1.000000 1.000000 1.577698 1.577698 1.577698 1.577698 1.577698 1.577698 1.577698 1.577698 1.577698 1.577698 -9999.000000 1.000000 1.000000 1.000000 1.000000 1.000000 1.000000 1.000000 1.000000 1.283672 1.000000 1.000000 1.000000 1.000000 -9999.000000 -9999.000000 -9999.000000 -9999.000000 -9999.000000 -9999.000000 -9999.000000 -9999.000000 -9999.000000 -9999.000000 -9999.000000 -9999.000000
-9999.000000 -9999.000000 -9999.000000 -9999.000000 -9999.000000 -9999.000000 -9999.000000 -9999.000000 -9999.000000 -9999.000000 -9999.000000 -9999.000000 -9999.000000 -9999.000000 -9999.000000 -9999.000000 1.000000 1.000000 1.000000 1.000000 1.000000 1.000000 1.577698 1.577698 1.577698 1.577698 1.577698 1.577698 1.577698 1.000000 1.000000 1.000000 1.000000 1.000000 1.000000 1.000000 1.000000 1.000000 1.000000 1.000000 1.000000 -9999.000000 1.000000 1.000000 -9999.000000 -9999.000000 -9999.000000 -9999.000000 -9999.000000 -9999.000000 -9999.000000 -9999.000000 -9999.000000 -9999.000000 -9999.000000 -9999.000000
-9999.000000 -9999.000000 -9999.000000 -9999.000000 -9999.000000 -9999.000000 -9999.000000 -9999.000000 -9999.000000 -9999.000000 -9999.000000 -9999.000000 -9999.000000 -9999.000000 -9999.000000 -9999.000000 -9999.000000 1.000000 1.000000 1.000000 1.000000 1.000000 1.577698 1.577698 1.577698 1.577698 1.577698 1.577698 1.577698 1.577698 1.577698 1.577698 1.000000 1.000000 1.000000 1.000000 1.000000 1.000000 1.000000 1.000000 1.000000 -9999.000000 -9999.000000 0.831877 1.000000 1.000000 -9999.000000 -9999.000000 -9999.000000 -9999.000000 -9999.000000 -9999.000000 -9999.000000 -9999.000000 -9999.000000 -9999.000000
-9999.000000 -9999.000000 -9999.000000 -9999.000000 -9999.000000 -9999.000000 -9999.000000 -9999.000000 -9999.000000 -9999.000000 -9999.000000 -9999.000000 -9999.000000 -9999.000000 -9999.000000 -9999.000000 -9999.000000 -9999.000000 1.000000 1.000000 1.000000 1.000000 1.000000 1.577698 1.577698 1.577698 1.577698 1.577698 1.577698 1.577698 1.577698 1.577698 1.577698 1.577698 1.577698 1.577698 1.000000 1.000000 1.000000 1.000000 1.000000 -9999.000000 1.000000 1.000000 1.000000 -9999.000000 -9999.000000 -9999.000000 -9999.000000 -9999.000000 -9999.000000 -9999.000000 -9999.000000 -9999.000000 -9999.000000 -9999.000000
-9999.000000 -9999.000000 -9999.000000 -9999.000000 -9999.000000 -9999.000000 -9999.000000 -9999.000000 -9999.000000 -9999.000000 -9999.000000 -9999.000000 -9999.000000 -9999.000000 -9999.000000 -9999.000000 -9999.000000 -9999.000000 1.000000 1.000000 1.000000 1.000000 1.000000 1.000000 1.577698 1.577698 1.577698 1.577698 1.577698 1.577698 1.577698 1.577698 1.577698 1.577698 1.577698 1.577698 1.000000 1.000000 1.000000 1.000000 1.000000 1.000000 1.000000 1.000000 1.000000 -9999.000000 -9999.000000 -9999.000000 -9999.000000 -9999.000000 -9999.000000 -9999.000000 -9999.000000 -9999.000000 -9999.000000 -9999.000000
-9999.000000 -9999.000000 -9999.000000 -9999.000000 -9999.000000 -9999.000000 -9999.000000 -9999.000000 -9999.000000 -9999.000000 -9999.000000 -9999.000000 -9999.000000 -9999.000000 -9999.000000 -9999.000000 -9999.000000 -9999.000000 -9999.000000 -9999.000000 1.000000 1.000000 1.000000 1.000000 1.000000 1.577698 1.577698 1.577698 1.577698 1.577698 1.577698 1.577698 1.577698 1.577698 1.577698 1.577698 1.577698 1.000000 1.000000 1.000000 1.000000 1.000000 1.000000 1.000000 1.000000 -9999.000000 -9999.000000 -9999.000000 -9999.000000 -9999.000000 -9999.000000 -9999.000000 -9999.000000 -9999.000000 -9999.000000 -9999.000000
-9999.000000 -9999.000000 -9999.000000 -9999.000000 -9999.000000 -9999.000000 -9999.000000 -9999.000000 -9999.000000 -9999.000000 -9999.000000 -9999.000000 -9999.000000 -9999.000000 -9999.000000 -9999.000000 -9999.000000 -9999.000000 -9999.000000 -9999.000000 -9999.000000 1.000000 1.000000 1.000000 1.000000 1.000000 1.577698 1.577698 1.577698 1.577698 1.577698 1.577698 1.577698 1.577698 1.577698 1.577698 1.577698 1.000000 1.000000 1.000000 1.000000 1.000000 1.000000 1.000000 1.000000 1.000000 -9999.000000 -9999.000000 -9999.000000 -9999.000000 -9999.000000 -9999.000000 -9999.000000 -9999.000000 -9999.000000 -9999.000000
-9999.000000 -9999.000000 -9999.000000 -9999.000000 -9999.000000 -9999.000000 -9999.000000 -9999.000000 -9999.000000 -9999.000000 -9999.000000 -9999.000000 -9999.000000 -9999.000000 -9999.000000 -9999.000000 -9999.000000 -9999.000000 -9999.000000 -9999.000000 -9999.000000 1.000000 1.000000 1.000000 1.000000 1.000000 1.577698 1.577698 1.577698 1.577698 1.577698 1.570526 1.549012 1.577698 1.577698 1.577698 1.577698 1.577698 1.577698 1.000000 1.000000 1.000000 1.000000 1.000000 1.000000 1.000000 1.000000 1.000000 1.000000 -9999.000000 -9999.000000 -9999.000000 -9999.000000 -9999.000000 -9999.000000 -9999.000000
